s 3 10000
s 6 10000
s 7 10000
s 8 10000
s 17 10000
s 20 10000
s 21 10000
s 24 10000
s 25 10000
s 26 10000
s 30 10000
s 31 10000
s 32 10000
s 38 10000
s 40 10000
s 43 10000
s 44 10000
s 48 10000
s 52 10000
s 54 10000
s 58 10000
s 61 10000
s 63 10000
s 65 10000
s 70 10000
s 72 10000
s 74 10000
s 76 10000
s 84 10000
s 87 10000
s 90 10000
s 94 10000
s 98 10000
1 3 10000
1 6 10000
1 10 10000
1 13 10000
1 15 10000
1 21 10000
1 23 10000
1 28 10000
1 31 10000
1 32 10000
1 40 10000
1 42 10000
1 43 10000
1 46 10000
1 47 10000
1 53 10000
1 57 10000
1 61 10000
1 62 10000
1 63 10000
1 71 10000
1 73 10000
1 75 10000
1 76 10000
1 77 10000
1 86 10000
1 92 10000
1 93 10000
1 94 10000
1 96 10000
2 5 10000
2 8 10000
2 9 10000
2 10 10000
2 11 10000
2 14 10000
2 19 10000
2 21 10000
2 23 10000
2 24 10000
2 27 10000
2 30 10000
2 32 10000
2 37 10000
2 38 10000
2 42 10000
2 43 10000
2 48 10000
2 57 10000
2 61 10000
2 62 10000
2 63 10000
2 64 10000
2 65 10000
2 69 10000
2 77 10000
2 83 10000
2 85 10000
2 93 10000
2 96 10000
2 97 10000
2 98 10000
2 99 10000
3 1 10000
3 5 10000
3 12 10000
3 14 10000
3 17 10000
3 18 10000
3 20 10000
3 22 10000
3 24 10000
3 27 10000
3 33 10000
3 37 10000
3 41 10000
3 47 10000
3 48 10000
3 61 10000
3 64 10000
3 69 10000
3 73 10000
3 75 10000
3 85 10000
3 90 10000
3 93 10000
3 98 10000
3 99 10000
4 7 10000
4 9 10000
4 15 10000
4 17 10000
4 19 10000
4 20 10000
4 21 10000
4 24 10000
4 25 10000
4 27 10000
4 31 10000
4 33 10000
4 35 10000
4 38 10000
4 40 10000
4 42 10000
4 46 10000
4 49 10000
4 54 10000
4 55 10000
4 58 10000
4 59 10000
4 62 10000
4 65 10000
4 69 10000
4 70 10000
4 71 10000
4 75 10000
4 81 10000
4 84 10000
4 86 10000
4 88 10000
4 89 10000
4 91 10000
4 92 10000
4 95 10000
4 96 10000
5 2 10000
5 3 10000
5 6 10000
5 7 10000
5 10 10000
5 12 10000
5 14 10000
5 15 10000
5 16 10000
5 17 10000
5 18 10000
5 23 10000
5 25 10000
5 32 10000
5 33 10000
5 34 10000
5 36 10000
5 38 10000
5 39 10000
5 40 10000
5 41 10000
5 43 10000
5 45 10000
5 49 10000
5 50 10000
5 51 10000
5 63 10000
5 65 10000
5 66 10000
5 67 10000
5 69 10000
5 77 10000
5 79 10000
5 85 10000
5 91 10000
5 92 10000
5 93 10000
6 1 10000
6 5 10000
6 7 10000
6 8 10000
6 11 10000
6 13 10000
6 26 10000
6 30 10000
6 33 10000
6 39 10000
6 46 10000
6 47 10000
6 53 10000
6 54 10000
6 56 10000
6 57 10000
6 62 10000
6 66 10000
6 74 10000
6 78 10000
6 82 10000
6 83 10000
6 88 10000
6 90 10000
6 93 10000
6 98 10000
7 4 10000
7 5 10000
7 6 10000
7 11 10000
7 19 10000
7 21 10000
7 22 10000
7 26 10000
7 29 10000
7 30 10000
7 34 10000
7 35 10000
7 38 10000
7 39 10000
7 40 10000
7 47 10000
7 50 10000
7 52 10000
7 55 10000
7 64 10000
7 65 10000
7 66 10000
7 67 10000
7 68 10000
7 71 10000
7 73 10000
7 77 10000
7 83 10000
7 91 10000
7 97 10000
7 99 10000
8 2 10000
8 6 10000
8 14 10000
8 17 10000
8 18 10000
8 21 10000
8 22 10000
8 28 10000
8 33 10000
8 37 10000
8 43 10000
8 51 10000
8 56 10000
8 57 10000
8 60 10000
8 61 10000
8 68 10000
8 71 10000
8 78 10000
8 80 10000
8 83 10000
8 84 10000
8 86 10000
8 87 10000
8 89 10000
8 91 10000
8 92 10000
8 99 10000
9 2 10000
9 4 10000
9 10 10000
9 21 10000
9 24 10000
9 27 10000
9 37 10000
9 46 10000
9 50 10000
9 51 10000
9 56 10000
9 58 10000
9 65 10000
9 68 10000
9 72 10000
9 75 10000
9 76 10000
9 84 10000
9 93 10000
9 94 10000
9 96 10000
9 97 10000
10 1 10000
10 2 10000
10 5 10000
10 9 10000
10 12 10000
10 13 10000
10 14 10000
10 24 10000
10 25 10000
10 28 10000
10 30 10000
10 36 10000
10 37 10000
10 47 10000
10 50 10000
10 52 10000
10 53 10000
10 59 10000
10 60 10000
10 61 10000
10 62 10000
10 63 10000
10 66 10000
10 70 10000
10 72 10000
10 77 10000
10 82 10000
10 85 10000
10 86 10000
10 88 10000
10 89 10000
10 90 10000
10 96 10000
10 97 10000
10 98 10000
10 99 10000
11 2 10000
11 6 10000
11 7 10000
11 12 10000
11 15 10000
11 16 10000
11 17 10000
11 21 10000
11 28 10000
11 30 10000
11 45 10000
11 47 10000
11 50 10000
11 54 10000
11 58 10000
11 59 10000
11 63 10000
11 64 10000
11 65 10000
11 71 10000
11 84 10000
11 85 10000
11 90 10000
11 91 10000
11 96 10000
11 98 10000
12 3 10000
12 5 10000
12 10 10000
12 11 10000
12 13 10000
12 20 10000
12 21 10000
12 22 10000
12 31 10000
12 32 10000
12 37 10000
12 43 10000
12 45 10000
12 51 10000
12 53 10000
12 54 10000
12 56 10000
12 60 10000
12 63 10000
12 65 10000
12 68 10000
12 74 10000
12 76 10000
12 77 10000
12 80 10000
12 81 10000
12 82 10000
12 91 10000
12 92 10000
12 94 10000
12 95 10000
12 99 10000
13 1 10000
13 6 10000
13 10 10000
13 12 10000
13 16 10000
13 17 10000
13 18 10000
13 20 10000
13 22 10000
13 24 10000
13 25 10000
13 26 10000
13 32 10000
13 39 10000
13 43 10000
13 50 10000
13 51 10000
13 55 10000
13 58 10000
13 60 10000
13 63 10000
13 66 10000
13 70 10000
13 73 10000
13 80 10000
13 84 10000
13 85 10000
13 90 10000
13 96 10000
13 98 10000
14 2 10000
14 3 10000
14 5 10000
14 8 10000
14 10 10000
14 15 10000
14 17 10000
14 18 10000
14 20 10000
14 22 10000
14 23 10000
14 24 10000
14 28 10000
14 30 10000
14 32 10000
14 33 10000
14 35 10000
14 37 10000
14 42 10000
14 53 10000
14 60 10000
14 61 10000
14 63 10000
14 64 10000
14 65 10000
14 70 10000
14 73 10000
14 76 10000
14 87 10000
14 89 10000
14 90 10000
14 92 10000
14 93 10000
14 95 10000
15 1 10000
15 4 10000
15 5 10000
15 11 10000
15 14 10000
15 19 10000
15 28 10000
15 37 10000
15 40 10000
15 43 10000
15 45 10000
15 47 10000
15 53 10000
15 61 10000
15 64 10000
15 70 10000
15 71 10000
15 72 10000
15 75 10000
15 81 10000
15 82 10000
15 85 10000
15 87 10000
15 88 10000
15 99 10000
16 5 10000
16 11 10000
16 13 10000
16 19 10000
16 21 10000
16 25 10000
16 28 10000
16 31 10000
16 33 10000
16 36 10000
16 37 10000
16 38 10000
16 60 10000
16 66 10000
16 67 10000
16 68 10000
16 70 10000
16 72 10000
16 73 10000
16 78 10000
16 81 10000
16 82 10000
16 87 10000
16 91 10000
16 94 10000
16 99 10000
17 3 10000
17 4 10000
17 5 10000
17 8 10000
17 11 10000
17 13 10000
17 14 10000
17 19 10000
17 21 10000
17 24 10000
17 31 10000
17 35 10000
17 36 10000
17 37 10000
17 45 10000
17 46 10000
17 51 10000
17 62 10000
17 67 10000
17 73 10000
17 74 10000
17 78 10000
17 79 10000
17 80 10000
17 82 10000
17 89 10000
17 93 10000
17 99 10000
18 3 10000
18 5 10000
18 8 10000
18 13 10000
18 14 10000
18 22 10000
18 26 10000
18 27 10000
18 28 10000
18 29 10000
18 34 10000
18 36 10000
18 37 10000
18 43 10000
18 44 10000
18 45 10000
18 46 10000
18 47 10000
18 48 10000
18 49 10000
18 50 10000
18 55 10000
18 56 10000
18 60 10000
18 62 10000
18 66 10000
18 68 10000
18 72 10000
18 75 10000
18 80 10000
18 82 10000
18 89 10000
18 90 10000
18 93 10000
18 95 10000
19 2 10000
19 4 10000
19 7 10000
19 15 10000
19 16 10000
19 17 10000
19 24 10000
19 29 10000
19 31 10000
19 32 10000
19 33 10000
19 38 10000
19 42 10000
19 44 10000
19 47 10000
19 48 10000
19 52 10000
19 57 10000
19 59 10000
19 73 10000
19 76 10000
19 82 10000
19 83 10000
19 84 10000
19 88 10000
19 95 10000
19 98 10000
20 3 10000
20 4 10000
20 12 10000
20 13 10000
20 14 10000
20 25 10000
20 26 10000
20 27 10000
20 31 10000
20 32 10000
20 37 10000
20 38 10000
20 39 10000
20 40 10000
20 42 10000
20 47 10000
20 49 10000
20 54 10000
20 62 10000
20 65 10000
20 72 10000
20 74 10000
20 75 10000
20 77 10000
20 78 10000
20 79 10000
20 80 10000
20 86 10000
20 93 10000
20 94 10000
21 1 10000
21 2 10000
21 4 10000
21 7 10000
21 8 10000
21 9 10000
21 11 10000
21 12 10000
21 16 10000
21 17 10000
21 23 10000
21 33 10000
21 38 10000
21 45 10000
21 51 10000
21 52 10000
21 55 10000
21 60 10000
21 62 10000
21 63 10000
21 66 10000
21 67 10000
21 71 10000
21 73 10000
21 76 10000
21 83 10000
21 86 10000
21 88 10000
21 89 10000
21 93 10000
21 96 10000
21 97 10000
22 3 10000
22 7 10000
22 8 10000
22 12 10000
22 13 10000
22 14 10000
22 18 10000
22 25 10000
22 28 10000
22 29 10000
22 32 10000
22 33 10000
22 36 10000
22 37 10000
22 38 10000
22 42 10000
22 49 10000
22 51 10000
22 54 10000
22 56 10000
22 60 10000
22 65 10000
22 66 10000
22 67 10000
22 76 10000
22 80 10000
22 82 10000
22 83 10000
22 84 10000
22 85 10000
22 86 10000
22 87 10000
22 93 10000
22 94 10000
23 1 10000
23 2 10000
23 5 10000
23 14 10000
23 21 10000
23 25 10000
23 26 10000
23 33 10000
23 38 10000
23 40 10000
23 42 10000
23 53 10000
23 57 10000
23 59 10000
23 62 10000
23 64 10000
23 67 10000
23 70 10000
23 74 10000
23 75 10000
23 78 10000
23 79 10000
23 80 10000
23 82 10000
23 85 10000
23 94 10000
23 95 10000
23 99 10000
24 2 10000
24 3 10000
24 4 10000
24 9 10000
24 10 10000
24 13 10000
24 14 10000
24 17 10000
24 19 10000
24 25 10000
24 27 10000
24 28 10000
24 34 10000
24 36 10000
24 41 10000
24 45 10000
24 46 10000
24 51 10000
24 56 10000
24 59 10000
24 63 10000
24 69 10000
24 77 10000
24 78 10000
24 83 10000
24 86 10000
24 87 10000
24 90 10000
24 93 10000
24 98 10000
25 4 10000
25 5 10000
25 10 10000
25 13 10000
25 16 10000
25 20 10000
25 22 10000
25 23 10000
25 24 10000
25 27 10000
25 29 10000
25 31 10000
25 33 10000
25 39 10000
25 40 10000
25 43 10000
25 46 10000
25 47 10000
25 49 10000
25 50 10000
25 52 10000
25 55 10000
25 57 10000
25 68 10000
25 74 10000
25 75 10000
25 76 10000
25 78 10000
25 79 10000
25 80 10000
25 85 10000
25 91 10000
25 94 10000
25 99 10000
26 6 10000
26 7 10000
26 13 10000
26 18 10000
26 20 10000
26 23 10000
26 28 10000
26 30 10000
26 31 10000
26 38 10000
26 41 10000
26 44 10000
26 45 10000
26 46 10000
26 47 10000
26 49 10000
26 54 10000
26 56 10000
26 64 10000
26 69 10000
26 71 10000
26 74 10000
26 77 10000
26 78 10000
26 79 10000
26 84 10000
26 86 10000
26 87 10000
26 91 10000
26 95 10000
27 2 10000
27 3 10000
27 4 10000
27 9 10000
27 18 10000
27 20 10000
27 24 10000
27 25 10000
27 28 10000
27 31 10000
27 34 10000
27 36 10000
27 39 10000
27 48 10000
27 49 10000
27 50 10000
27 54 10000
27 62 10000
27 64 10000
27 70 10000
27 71 10000
27 72 10000
27 73 10000
27 75 10000
27 77 10000
27 80 10000
27 82 10000
27 83 10000
27 85 10000
27 86 10000
27 98 10000
27 99 10000
28 1 10000
28 8 10000
28 10 10000
28 11 10000
28 14 10000
28 15 10000
28 16 10000
28 18 10000
28 22 10000
28 24 10000
28 26 10000
28 27 10000
28 29 10000
28 31 10000
28 36 10000
28 37 10000
28 38 10000
28 41 10000
28 47 10000
28 52 10000
28 54 10000
28 62 10000
28 72 10000
28 74 10000
28 78 10000
28 79 10000
28 92 10000
28 95 10000
28 96 10000
29 7 10000
29 18 10000
29 19 10000
29 22 10000
29 25 10000
29 28 10000
29 30 10000
29 36 10000
29 37 10000
29 39 10000
29 45 10000
29 46 10000
29 47 10000
29 49 10000
29 51 10000
29 56 10000
29 72 10000
29 74 10000
29 76 10000
29 80 10000
29 91 10000
29 92 10000
29 93 10000
29 94 10000
29 96 10000
29 97 10000
29 98 10000
30 2 10000
30 6 10000
30 7 10000
30 10 10000
30 11 10000
30 14 10000
30 26 10000
30 29 10000
30 32 10000
30 33 10000
30 35 10000
30 38 10000
30 42 10000
30 46 10000
30 47 10000
30 50 10000
30 53 10000
30 55 10000
30 57 10000
30 63 10000
30 65 10000
30 71 10000
30 72 10000
30 73 10000
30 76 10000
30 77 10000
30 81 10000
30 83 10000
30 86 10000
30 92 10000
30 96 10000
30 97 10000
31 1 10000
31 4 10000
31 12 10000
31 16 10000
31 17 10000
31 19 10000
31 20 10000
31 25 10000
31 26 10000
31 27 10000
31 28 10000
31 33 10000
31 35 10000
31 38 10000
31 43 10000
31 46 10000
31 52 10000
31 54 10000
31 55 10000
31 56 10000
31 65 10000
31 67 10000
31 70 10000
31 72 10000
31 75 10000
31 81 10000
31 84 10000
31 91 10000
31 96 10000
31 99 10000
32 1 10000
32 2 10000
32 5 10000
32 12 10000
32 13 10000
32 14 10000
32 19 10000
32 20 10000
32 22 10000
32 30 10000
32 34 10000
32 35 10000
32 38 10000
32 40 10000
32 42 10000
32 43 10000
32 47 10000
32 52 10000
32 54 10000
32 56 10000
32 59 10000
32 63 10000
32 69 10000
32 71 10000
32 72 10000
32 76 10000
32 82 10000
32 83 10000
32 84 10000
32 87 10000
32 92 10000
33 3 10000
33 4 10000
33 5 10000
33 6 10000
33 8 10000
33 14 10000
33 16 10000
33 19 10000
33 21 10000
33 22 10000
33 23 10000
33 25 10000
33 30 10000
33 31 10000
33 40 10000
33 41 10000
33 42 10000
33 44 10000
33 49 10000
33 50 10000
33 58 10000
33 62 10000
33 64 10000
33 66 10000
33 67 10000
33 72 10000
33 73 10000
33 74 10000
33 75 10000
33 76 10000
33 80 10000
33 84 10000
33 87 10000
33 89 10000
33 93 10000
33 95 10000
33 97 10000
34 5 10000
34 7 10000
34 18 10000
34 24 10000
34 27 10000
34 32 10000
34 37 10000
34 38 10000
34 48 10000
34 58 10000
34 70 10000
34 78 10000
34 83 10000
34 86 10000
34 88 10000
34 90 10000
34 95 10000
34 96 10000
35 4 10000
35 7 10000
35 14 10000
35 17 10000
35 30 10000
35 31 10000
35 32 10000
35 36 10000
35 40 10000
35 43 10000
35 46 10000
35 47 10000
35 52 10000
35 60 10000
35 61 10000
35 64 10000
35 65 10000
35 67 10000
35 69 10000
35 71 10000
35 77 10000
35 79 10000
35 83 10000
35 87 10000
36 5 10000
36 10 10000
36 16 10000
36 17 10000
36 18 10000
36 22 10000
36 24 10000
36 27 10000
36 28 10000
36 29 10000
36 35 10000
36 38 10000
36 42 10000
36 45 10000
36 50 10000
36 54 10000
36 57 10000
36 61 10000
36 71 10000
36 72 10000
36 75 10000
36 77 10000
36 84 10000
36 92 10000
36 93 10000
36 95 10000
36 97 10000
37 2 10000
37 3 10000
37 8 10000
37 9 10000
37 10 10000
37 12 10000
37 14 10000
37 15 10000
37 16 10000
37 17 10000
37 18 10000
37 20 10000
37 22 10000
37 28 10000
37 29 10000
37 34 10000
37 38 10000
37 39 10000
37 40 10000
37 41 10000
37 52 10000
37 53 10000
37 60 10000
37 61 10000
37 63 10000
37 71 10000
37 73 10000
37 78 10000
37 79 10000
37 82 10000
37 84 10000
37 85 10000
37 86 10000
37 88 10000
37 89 10000
37 92 10000
37 94 10000
37 98 10000
38 2 10000
38 4 10000
38 5 10000
38 7 10000
38 16 10000
38 19 10000
38 20 10000
38 21 10000
38 22 10000
38 23 10000
38 26 10000
38 28 10000
38 30 10000
38 31 10000
38 32 10000
38 34 10000
38 36 10000
38 37 10000
38 45 10000
38 46 10000
38 47 10000
38 48 10000
38 49 10000
38 50 10000
38 51 10000
38 53 10000
38 54 10000
38 57 10000
38 62 10000
38 67 10000
38 70 10000
38 71 10000
38 78 10000
38 80 10000
38 82 10000
38 86 10000
38 88 10000
38 89 10000
38 91 10000
38 93 10000
38 94 10000
38 95 10000
38 97 10000
39 5 10000
39 6 10000
39 7 10000
39 13 10000
39 20 10000
39 25 10000
39 27 10000
39 29 10000
39 37 10000
39 40 10000
39 43 10000
39 45 10000
39 46 10000
39 48 10000
39 54 10000
39 64 10000
39 69 10000
39 70 10000
39 72 10000
39 77 10000
39 80 10000
39 81 10000
39 82 10000
39 89 10000
39 94 10000
39 95 10000
39 97 10000
40 1 10000
40 4 10000
40 5 10000
40 7 10000
40 15 10000
40 20 10000
40 23 10000
40 25 10000
40 32 10000
40 33 10000
40 35 10000
40 37 10000
40 39 10000
40 41 10000
40 44 10000
40 46 10000
40 48 10000
40 50 10000
40 53 10000
40 56 10000
40 65 10000
40 67 10000
40 68 10000
40 70 10000
40 72 10000
40 90 10000
40 91 10000
40 95 10000
41 3 10000
41 5 10000
41 24 10000
41 26 10000
41 28 10000
41 33 10000
41 37 10000
41 40 10000
41 52 10000
41 54 10000
41 56 10000
41 61 10000
41 67 10000
41 68 10000
41 71 10000
41 72 10000
41 73 10000
41 76 10000
41 85 10000
41 86 10000
41 87 10000
41 88 10000
41 91 10000
41 92 10000
42 1 10000
42 2 10000
42 4 10000
42 14 10000
42 19 10000
42 20 10000
42 22 10000
42 23 10000
42 30 10000
42 32 10000
42 33 10000
42 36 10000
42 43 10000
42 45 10000
42 46 10000
42 49 10000
42 66 10000
42 77 10000
42 81 10000
42 82 10000
42 88 10000
42 91 10000
42 92 10000
42 94 10000
42 96 10000
42 97 10000
42 99 10000
43 1 10000
43 2 10000
43 5 10000
43 8 10000
43 12 10000
43 13 10000
43 15 10000
43 18 10000
43 25 10000
43 31 10000
43 32 10000
43 35 10000
43 39 10000
43 42 10000
43 53 10000
43 57 10000
43 58 10000
43 60 10000
43 75 10000
43 78 10000
43 90 10000
43 91 10000
43 92 10000
43 99 10000
44 18 10000
44 19 10000
44 26 10000
44 33 10000
44 40 10000
44 45 10000
44 52 10000
44 54 10000
44 57 10000
44 58 10000
44 66 10000
44 70 10000
44 71 10000
44 72 10000
44 83 10000
44 84 10000
44 87 10000
44 91 10000
44 93 10000
44 97 10000
44 98 10000
44 99 10000
45 5 10000
45 11 10000
45 12 10000
45 15 10000
45 17 10000
45 18 10000
45 21 10000
45 24 10000
45 26 10000
45 29 10000
45 36 10000
45 38 10000
45 39 10000
45 42 10000
45 44 10000
45 46 10000
45 51 10000
45 56 10000
45 57 10000
45 60 10000
45 62 10000
45 63 10000
45 64 10000
45 65 10000
45 68 10000
45 70 10000
45 71 10000
45 74 10000
45 75 10000
45 76 10000
45 87 10000
45 92 10000
46 1 10000
46 4 10000
46 6 10000
46 9 10000
46 17 10000
46 18 10000
46 24 10000
46 25 10000
46 26 10000
46 29 10000
46 30 10000
46 31 10000
46 35 10000
46 38 10000
46 39 10000
46 40 10000
46 42 10000
46 45 10000
46 47 10000
46 51 10000
46 56 10000
46 61 10000
46 64 10000
46 65 10000
46 67 10000
46 68 10000
46 71 10000
46 72 10000
46 74 10000
46 83 10000
46 86 10000
46 93 10000
46 96 10000
47 1 10000
47 3 10000
47 6 10000
47 7 10000
47 10 10000
47 11 10000
47 15 10000
47 18 10000
47 19 10000
47 20 10000
47 25 10000
47 26 10000
47 28 10000
47 29 10000
47 30 10000
47 32 10000
47 35 10000
47 38 10000
47 46 10000
47 48 10000
47 52 10000
47 53 10000
47 54 10000
47 64 10000
47 66 10000
47 70 10000
47 72 10000
47 74 10000
47 75 10000
47 80 10000
47 85 10000
47 86 10000
47 88 10000
47 90 10000
47 93 10000
47 97 10000
48 2 10000
48 3 10000
48 18 10000
48 19 10000
48 27 10000
48 34 10000
48 38 10000
48 39 10000
48 40 10000
48 47 10000
48 50 10000
48 51 10000
48 55 10000
48 58 10000
48 60 10000
48 62 10000
48 69 10000
48 70 10000
48 71 10000
48 74 10000
48 78 10000
48 81 10000
48 85 10000
48 89 10000
48 95 10000
48 96 10000
48 97 10000
49 4 10000
49 5 10000
49 18 10000
49 20 10000
49 22 10000
49 25 10000
49 26 10000
49 27 10000
49 29 10000
49 33 10000
49 38 10000
49 42 10000
49 52 10000
49 53 10000
49 54 10000
49 59 10000
49 62 10000
49 72 10000
49 74 10000
49 77 10000
49 78 10000
49 80 10000
49 81 10000
49 87 10000
49 90 10000
49 93 10000
49 94 10000
49 99 10000
50 5 10000
50 7 10000
50 9 10000
50 10 10000
50 11 10000
50 13 10000
50 18 10000
50 25 10000
50 27 10000
50 30 10000
50 33 10000
50 36 10000
50 38 10000
50 40 10000
50 48 10000
50 54 10000
50 61 10000
50 66 10000
50 67 10000
50 68 10000
50 70 10000
50 71 10000
50 74 10000
50 75 10000
50 78 10000
50 85 10000
50 90 10000
50 96 10000
50 99 10000
51 5 10000
51 8 10000
51 9 10000
51 12 10000
51 13 10000
51 17 10000
51 21 10000
51 22 10000
51 24 10000
51 29 10000
51 38 10000
51 45 10000
51 46 10000
51 48 10000
51 52 10000
51 55 10000
51 63 10000
51 71 10000
51 76 10000
51 77 10000
51 79 10000
51 80 10000
51 82 10000
51 90 10000
51 91 10000
51 93 10000
51 94 10000
51 98 10000
52 7 10000
52 10 10000
52 19 10000
52 21 10000
52 25 10000
52 28 10000
52 31 10000
52 32 10000
52 35 10000
52 37 10000
52 41 10000
52 44 10000
52 47 10000
52 49 10000
52 51 10000
52 54 10000
52 55 10000
52 66 10000
52 67 10000
52 70 10000
52 71 10000
52 80 10000
52 84 10000
52 86 10000
52 88 10000
52 92 10000
52 95 10000
53 1 10000
53 6 10000
53 10 10000
53 12 10000
53 14 10000
53 15 10000
53 23 10000
53 30 10000
53 37 10000
53 38 10000
53 40 10000
53 43 10000
53 47 10000
53 49 10000
53 61 10000
53 62 10000
53 67 10000
53 69 10000
53 70 10000
53 76 10000
53 82 10000
53 84 10000
53 89 10000
53 95 10000
53 98 10000
54 4 10000
54 6 10000
54 11 10000
54 12 10000
54 20 10000
54 22 10000
54 26 10000
54 27 10000
54 28 10000
54 31 10000
54 32 10000
54 36 10000
54 38 10000
54 39 10000
54 41 10000
54 44 10000
54 47 10000
54 49 10000
54 50 10000
54 52 10000
54 55 10000
54 63 10000
54 65 10000
54 66 10000
54 69 10000
54 70 10000
54 71 10000
54 76 10000
54 79 10000
54 81 10000
54 83 10000
54 87 10000
54 88 10000
54 97 10000
55 4 10000
55 7 10000
55 13 10000
55 18 10000
55 21 10000
55 25 10000
55 30 10000
55 31 10000
55 48 10000
55 51 10000
55 52 10000
55 54 10000
55 56 10000
55 57 10000
55 63 10000
55 66 10000
55 71 10000
55 73 10000
55 74 10000
55 77 10000
55 81 10000
55 83 10000
55 86 10000
55 89 10000
55 90 10000
55 91 10000
55 95 10000
55 96 10000
55 98 10000
55 99 10000
56 6 10000
56 8 10000
56 9 10000
56 12 10000
56 18 10000
56 22 10000
56 24 10000
56 26 10000
56 29 10000
56 31 10000
56 32 10000
56 40 10000
56 41 10000
56 45 10000
56 46 10000
56 55 10000
56 57 10000
56 61 10000
56 62 10000
56 63 10000
56 64 10000
56 66 10000
56 67 10000
56 79 10000
56 80 10000
56 82 10000
56 87 10000
56 89 10000
57 1 10000
57 2 10000
57 6 10000
57 8 10000
57 19 10000
57 23 10000
57 25 10000
57 30 10000
57 36 10000
57 38 10000
57 43 10000
57 44 10000
57 45 10000
57 55 10000
57 56 10000
57 65 10000
57 70 10000
57 71 10000
57 72 10000
57 74 10000
57 78 10000
57 80 10000
57 86 10000
57 87 10000
57 89 10000
57 90 10000
57 91 10000
57 94 10000
57 97 10000
58 4 10000
58 9 10000
58 11 10000
58 13 10000
58 33 10000
58 34 10000
58 43 10000
58 44 10000
58 48 10000
58 59 10000
58 62 10000
58 64 10000
58 65 10000
58 66 10000
58 75 10000
58 86 10000
58 87 10000
58 89 10000
58 93 10000
58 94 10000
58 96 10000
58 97 10000
58 98 10000
59 4 10000
59 10 10000
59 11 10000
59 19 10000
59 23 10000
59 24 10000
59 32 10000
59 49 10000
59 58 10000
59 60 10000
59 61 10000
59 63 10000
59 65 10000
59 67 10000
59 68 10000
59 69 10000
59 70 10000
59 81 10000
59 93 10000
59 94 10000
59 97 10000
59 98 10000
59 99 10000
60 8 10000
60 10 10000
60 12 10000
60 13 10000
60 14 10000
60 16 10000
60 18 10000
60 21 10000
60 22 10000
60 35 10000
60 37 10000
60 43 10000
60 45 10000
60 48 10000
60 59 10000
60 61 10000
60 68 10000
60 72 10000
60 73 10000
60 75 10000
60 78 10000
60 80 10000
60 81 10000
60 82 10000
60 88 10000
60 89 10000
60 90 10000
60 92 10000
61 1 10000
61 2 10000
61 3 10000
61 8 10000
61 10 10000
61 14 10000
61 15 10000
61 35 10000
61 36 10000
61 37 10000
61 41 10000
61 46 10000
61 50 10000
61 53 10000
61 56 10000
61 59 10000
61 60 10000
61 62 10000
61 64 10000
61 65 10000
61 66 10000
61 67 10000
61 69 10000
61 73 10000
61 81 10000
61 85 10000
61 87 10000
61 90 10000
61 95 10000
61 99 10000
62 1 10000
62 2 10000
62 4 10000
62 6 10000
62 10 10000
62 17 10000
62 18 10000
62 20 10000
62 21 10000
62 23 10000
62 27 10000
62 28 10000
62 33 10000
62 38 10000
62 45 10000
62 48 10000
62 49 10000
62 53 10000
62 56 10000
62 58 10000
62 61 10000
62 69 10000
62 73 10000
62 78 10000
62 79 10000
62 82 10000
62 84 10000
62 87 10000
62 90 10000
62 93 10000
62 94 10000
62 99 10000
63 1 10000
63 2 10000
63 5 10000
63 10 10000
63 11 10000
63 12 10000
63 13 10000
63 14 10000
63 21 10000
63 24 10000
63 30 10000
63 32 10000
63 37 10000
63 45 10000
63 51 10000
63 54 10000
63 55 10000
63 56 10000
63 59 10000
63 69 10000
63 77 10000
63 80 10000
63 84 10000
63 92 10000
63 96 10000
63 98 10000
64 2 10000
64 3 10000
64 7 10000
64 11 10000
64 14 10000
64 15 10000
64 23 10000
64 26 10000
64 27 10000
64 33 10000
64 35 10000
64 39 10000
64 45 10000
64 46 10000
64 47 10000
64 56 10000
64 58 10000
64 61 10000
64 65 10000
64 67 10000
64 68 10000
64 70 10000
64 72 10000
64 74 10000
64 80 10000
64 81 10000
64 82 10000
64 85 10000
64 87 10000
64 89 10000
64 90 10000
64 92 10000
65 2 10000
65 4 10000
65 5 10000
65 7 10000
65 9 10000
65 11 10000
65 12 10000
65 14 10000
65 20 10000
65 22 10000
65 30 10000
65 31 10000
65 35 10000
65 40 10000
65 45 10000
65 46 10000
65 54 10000
65 57 10000
65 58 10000
65 59 10000
65 61 10000
65 64 10000
65 71 10000
65 76 10000
65 86 10000
65 91 10000
65 92 10000
65 93 10000
65 99 10000
66 5 10000
66 6 10000
66 7 10000
66 10 10000
66 13 10000
66 16 10000
66 18 10000
66 21 10000
66 22 10000
66 33 10000
66 42 10000
66 44 10000
66 47 10000
66 50 10000
66 52 10000
66 54 10000
66 55 10000
66 56 10000
66 58 10000
66 61 10000
66 67 10000
66 73 10000
66 75 10000
66 79 10000
66 81 10000
66 87 10000
66 89 10000
66 90 10000
66 91 10000
66 97 10000
66 98 10000
67 5 10000
67 7 10000
67 16 10000
67 17 10000
67 21 10000
67 22 10000
67 23 10000
67 31 10000
67 33 10000
67 35 10000
67 38 10000
67 40 10000
67 41 10000
67 46 10000
67 50 10000
67 52 10000
67 53 10000
67 56 10000
67 59 10000
67 61 10000
67 64 10000
67 66 10000
67 71 10000
67 93 10000
67 96 10000
67 98 10000
67 99 10000
68 7 10000
68 8 10000
68 9 10000
68 12 10000
68 16 10000
68 18 10000
68 25 10000
68 40 10000
68 41 10000
68 45 10000
68 46 10000
68 50 10000
68 59 10000
68 60 10000
68 64 10000
68 69 10000
68 82 10000
68 89 10000
68 91 10000
68 93 10000
68 95 10000
68 97 10000
68 99 10000
69 2 10000
69 3 10000
69 4 10000
69 5 10000
69 24 10000
69 26 10000
69 32 10000
69 35 10000
69 39 10000
69 48 10000
69 53 10000
69 54 10000
69 59 10000
69 61 10000
69 62 10000
69 63 10000
69 68 10000
69 70 10000
69 74 10000
69 76 10000
69 78 10000
69 79 10000
69 81 10000
69 82 10000
69 85 10000
69 86 10000
69 88 10000
69 90 10000
69 92 10000
69 95 10000
69 97 10000
70 4 10000
70 10 10000
70 13 10000
70 14 10000
70 15 10000
70 16 10000
70 23 10000
70 27 10000
70 31 10000
70 34 10000
70 38 10000
70 39 10000
70 40 10000
70 44 10000
70 45 10000
70 47 10000
70 48 10000
70 50 10000
70 52 10000
70 53 10000
70 54 10000
70 57 10000
70 59 10000
70 64 10000
70 69 10000
70 73 10000
70 74 10000
70 75 10000
70 77 10000
70 83 10000
70 85 10000
70 86 10000
70 88 10000
70 92 10000
70 97 10000
71 1 10000
71 4 10000
71 7 10000
71 8 10000
71 11 10000
71 15 10000
71 21 10000
71 26 10000
71 27 10000
71 30 10000
71 32 10000
71 35 10000
71 36 10000
71 37 10000
71 38 10000
71 41 10000
71 44 10000
71 45 10000
71 46 10000
71 48 10000
71 50 10000
71 51 10000
71 52 10000
71 54 10000
71 55 10000
71 57 10000
71 65 10000
71 67 10000
71 73 10000
71 76 10000
71 77 10000
71 88 10000
71 93 10000
72 9 10000
72 10 10000
72 15 10000
72 16 10000
72 18 10000
72 20 10000
72 27 10000
72 28 10000
72 29 10000
72 30 10000
72 31 10000
72 32 10000
72 33 10000
72 36 10000
72 39 10000
72 40 10000
72 41 10000
72 44 10000
72 46 10000
72 47 10000
72 49 10000
72 57 10000
72 60 10000
72 64 10000
72 75 10000
72 77 10000
72 78 10000
72 79 10000
72 82 10000
72 84 10000
72 90 10000
72 91 10000
72 94 10000
72 96 10000
72 99 10000
73 1 10000
73 3 10000
73 7 10000
73 13 10000
73 14 10000
73 16 10000
73 17 10000
73 19 10000
73 21 10000
73 27 10000
73 30 10000
73 33 10000
73 37 10000
73 41 10000
73 55 10000
73 60 10000
73 61 10000
73 62 10000
73 66 10000
73 70 10000
73 71 10000
73 80 10000
73 87 10000
73 88 10000
73 92 10000
73 93 10000
73 98 10000
74 6 10000
74 12 10000
74 17 10000
74 20 10000
74 23 10000
74 25 10000
74 26 10000
74 28 10000
74 29 10000
74 33 10000
74 45 10000
74 46 10000
74 47 10000
74 48 10000
74 49 10000
74 50 10000
74 55 10000
74 57 10000
74 64 10000
74 69 10000
74 70 10000
74 76 10000
74 77 10000
74 84 10000
74 85 10000
74 92 10000
74 97 10000
74 99 10000
75 1 10000
75 3 10000
75 4 10000
75 9 10000
75 15 10000
75 18 10000
75 20 10000
75 23 10000
75 25 10000
75 27 10000
75 31 10000
75 33 10000
75 36 10000
75 43 10000
75 45 10000
75 47 10000
75 50 10000
75 58 10000
75 60 10000
75 66 10000
75 70 10000
75 72 10000
75 80 10000
75 81 10000
75 82 10000
75 94 10000
75 95 10000
75 97 10000
76 1 10000
76 9 10000
76 12 10000
76 14 10000
76 19 10000
76 21 10000
76 22 10000
76 25 10000
76 29 10000
76 30 10000
76 32 10000
76 33 10000
76 41 10000
76 45 10000
76 51 10000
76 53 10000
76 54 10000
76 65 10000
76 69 10000
76 71 10000
76 74 10000
76 82 10000
76 84 10000
76 86 10000
76 88 10000
76 90 10000
76 92 10000
76 93 10000
77 1 10000
77 2 10000
77 5 10000
77 7 10000
77 10 10000
77 12 10000
77 20 10000
77 24 10000
77 26 10000
77 27 10000
77 30 10000
77 35 10000
77 36 10000
77 39 10000
77 42 10000
77 49 10000
77 51 10000
77 55 10000
77 63 10000
77 70 10000
77 71 10000
77 72 10000
77 74 10000
77 78 10000
77 81 10000
77 85 10000
77 89 10000
77 91 10000
77 93 10000
77 94 10000
78 6 10000
78 8 10000
78 16 10000
78 17 10000
78 20 10000
78 23 10000
78 24 10000
78 25 10000
78 26 10000
78 28 10000
78 34 10000
78 37 10000
78 38 10000
78 43 10000
78 48 10000
78 49 10000
78 50 10000
78 57 10000
78 60 10000
78 62 10000
78 69 10000
78 72 10000
78 77 10000
78 88 10000
78 89 10000
78 93 10000
78 94 10000
78 95 10000
78 98 10000
79 5 10000
79 17 10000
79 20 10000
79 23 10000
79 25 10000
79 26 10000
79 28 10000
79 35 10000
79 37 10000
79 51 10000
79 54 10000
79 56 10000
79 62 10000
79 66 10000
79 69 10000
79 72 10000
79 80 10000
79 90 10000
79 91 10000
79 94 10000
79 95 10000
79 96 10000
79 97 10000
80 8 10000
80 12 10000
80 13 10000
80 17 10000
80 18 10000
80 20 10000
80 22 10000
80 23 10000
80 25 10000
80 27 10000
80 29 10000
80 33 10000
80 38 10000
80 39 10000
80 47 10000
80 49 10000
80 51 10000
80 52 10000
80 56 10000
80 57 10000
80 60 10000
80 63 10000
80 64 10000
80 73 10000
80 75 10000
80 79 10000
80 84 10000
80 85 10000
80 90 10000
80 93 10000
80 94 10000
81 4 10000
81 12 10000
81 15 10000
81 16 10000
81 30 10000
81 31 10000
81 39 10000
81 42 10000
81 48 10000
81 49 10000
81 54 10000
81 55 10000
81 59 10000
81 60 10000
81 61 10000
81 64 10000
81 66 10000
81 69 10000
81 75 10000
81 77 10000
81 83 10000
81 85 10000
81 94 10000
81 95 10000
82 6 10000
82 10 10000
82 12 10000
82 15 10000
82 16 10000
82 17 10000
82 18 10000
82 19 10000
82 22 10000
82 23 10000
82 27 10000
82 32 10000
82 37 10000
82 38 10000
82 39 10000
82 42 10000
82 51 10000
82 53 10000
82 56 10000
82 60 10000
82 62 10000
82 64 10000
82 68 10000
82 69 10000
82 72 10000
82 75 10000
82 76 10000
82 83 10000
82 84 10000
82 85 10000
82 86 10000
82 87 10000
82 88 10000
82 94 10000
82 99 10000
83 2 10000
83 6 10000
83 7 10000
83 8 10000
83 19 10000
83 21 10000
83 22 10000
83 24 10000
83 27 10000
83 30 10000
83 32 10000
83 34 10000
83 35 10000
83 44 10000
83 46 10000
83 54 10000
83 55 10000
83 70 10000
83 81 10000
83 82 10000
83 90 10000
83 95 10000
83 96 10000
83 97 10000
83 99 10000
84 4 10000
84 8 10000
84 9 10000
84 11 10000
84 13 10000
84 19 10000
84 22 10000
84 26 10000
84 31 10000
84 32 10000
84 33 10000
84 36 10000
84 37 10000
84 44 10000
84 52 10000
84 53 10000
84 62 10000
84 63 10000
84 72 10000
84 74 10000
84 76 10000
84 80 10000
84 82 10000
84 87 10000
84 90 10000
84 98 10000
85 2 10000
85 3 10000
85 5 10000
85 10 10000
85 11 10000
85 13 10000
85 15 10000
85 22 10000
85 23 10000
85 25 10000
85 27 10000
85 37 10000
85 41 10000
85 47 10000
85 48 10000
85 50 10000
85 61 10000
85 64 10000
85 69 10000
85 70 10000
85 74 10000
85 77 10000
85 80 10000
85 81 10000
85 82 10000
85 87 10000
85 89 10000
85 91 10000
86 1 10000
86 4 10000
86 8 10000
86 10 10000
86 20 10000
86 21 10000
86 22 10000
86 24 10000
86 26 10000
86 27 10000
86 30 10000
86 34 10000
86 37 10000
86 38 10000
86 41 10000
86 46 10000
86 47 10000
86 52 10000
86 55 10000
86 57 10000
86 58 10000
86 65 10000
86 69 10000
86 70 10000
86 76 10000
86 82 10000
86 87 10000
86 88 10000
86 90 10000
86 92 10000
86 94 10000
86 98 10000
86 99 10000
87 8 10000
87 14 10000
87 15 10000
87 16 10000
87 22 10000
87 24 10000
87 26 10000
87 32 10000
87 33 10000
87 35 10000
87 41 10000
87 44 10000
87 45 10000
87 49 10000
87 54 10000
87 56 10000
87 57 10000
87 58 10000
87 61 10000
87 62 10000
87 64 10000
87 66 10000
87 73 10000
87 82 10000
87 84 10000
87 85 10000
87 86 10000
87 89 10000
87 96 10000
87 98 10000
87 99 10000
88 4 10000
88 6 10000
88 10 10000
88 15 10000
88 19 10000
88 21 10000
88 34 10000
88 37 10000
88 38 10000
88 41 10000
88 42 10000
88 47 10000
88 52 10000
88 54 10000
88 60 10000
88 69 10000
88 70 10000
88 71 10000
88 73 10000
88 76 10000
88 78 10000
88 82 10000
88 86 10000
88 90 10000
88 93 10000
88 98 10000
89 4 10000
89 8 10000
89 10 10000
89 14 10000
89 17 10000
89 18 10000
89 21 10000
89 33 10000
89 37 10000
89 38 10000
89 39 10000
89 48 10000
89 53 10000
89 55 10000
89 56 10000
89 57 10000
89 58 10000
89 60 10000
89 64 10000
89 66 10000
89 68 10000
89 77 10000
89 78 10000
89 85 10000
89 87 10000
89 91 10000
89 93 10000
89 97 10000
90 3 10000
90 6 10000
90 10 10000
90 11 10000
90 13 10000
90 14 10000
90 18 10000
90 24 10000
90 34 10000
90 40 10000
90 43 10000
90 47 10000
90 49 10000
90 50 10000
90 51 10000
90 55 10000
90 57 10000
90 60 10000
90 61 10000
90 62 10000
90 64 10000
90 66 10000
90 69 10000
90 72 10000
90 76 10000
90 79 10000
90 80 10000
90 83 10000
90 84 10000
90 86 10000
90 88 10000
90 93 10000
90 99 10000
91 4 10000
91 5 10000
91 7 10000
91 8 10000
91 11 10000
91 12 10000
91 16 10000
91 25 10000
91 26 10000
91 29 10000
91 31 10000
91 38 10000
91 40 10000
91 41 10000
91 42 10000
91 43 10000
91 44 10000
91 51 10000
91 55 10000
91 57 10000
91 65 10000
91 66 10000
91 68 10000
91 72 10000
91 77 10000
91 79 10000
91 85 10000
91 89 10000
91 93 10000
91 94 10000
91 95 10000
92 1 10000
92 4 10000
92 5 10000
92 8 10000
92 12 10000
92 14 10000
92 28 10000
92 29 10000
92 30 10000
92 32 10000
92 36 10000
92 37 10000
92 41 10000
92 42 10000
92 43 10000
92 45 10000
92 52 10000
92 60 10000
92 63 10000
92 64 10000
92 65 10000
92 69 10000
92 70 10000
92 73 10000
92 74 10000
92 76 10000
92 86 10000
92 98 10000
92 99 10000
93 1 10000
93 2 10000
93 3 10000
93 5 10000
93 6 10000
93 9 10000
93 14 10000
93 17 10000
93 18 10000
93 20 10000
93 21 10000
93 22 10000
93 24 10000
93 29 10000
93 33 10000
93 36 10000
93 38 10000
93 44 10000
93 46 10000
93 47 10000
93 49 10000
93 51 10000
93 58 10000
93 59 10000
93 62 10000
93 65 10000
93 67 10000
93 68 10000
93 71 10000
93 73 10000
93 76 10000
93 77 10000
93 78 10000
93 80 10000
93 88 10000
93 89 10000
93 90 10000
93 91 10000
93 94 10000
93 96 10000
93 98 10000
94 1 10000
94 9 10000
94 12 10000
94 16 10000
94 20 10000
94 22 10000
94 23 10000
94 25 10000
94 29 10000
94 37 10000
94 38 10000
94 39 10000
94 42 10000
94 49 10000
94 51 10000
94 57 10000
94 58 10000
94 59 10000
94 62 10000
94 72 10000
94 75 10000
94 77 10000
94 78 10000
94 79 10000
94 80 10000
94 81 10000
94 82 10000
94 86 10000
94 91 10000
94 93 10000
94 98 10000
95 4 10000
95 12 10000
95 14 10000
95 18 10000
95 19 10000
95 23 10000
95 26 10000
95 28 10000
95 33 10000
95 34 10000
95 36 10000
95 38 10000
95 39 10000
95 40 10000
95 48 10000
95 52 10000
95 53 10000
95 55 10000
95 61 10000
95 68 10000
95 69 10000
95 75 10000
95 78 10000
95 79 10000
95 81 10000
95 83 10000
95 91 10000
96 1 10000
96 2 10000
96 4 10000
96 9 10000
96 10 10000
96 11 10000
96 13 10000
96 21 10000
96 28 10000
96 29 10000
96 30 10000
96 31 10000
96 34 10000
96 42 10000
96 46 10000
96 48 10000
96 50 10000
96 55 10000
96 58 10000
96 63 10000
96 67 10000
96 72 10000
96 79 10000
96 83 10000
96 87 10000
96 93 10000
97 2 10000
97 7 10000
97 9 10000
97 10 10000
97 21 10000
97 29 10000
97 30 10000
97 33 10000
97 36 10000
97 38 10000
97 39 10000
97 42 10000
97 44 10000
97 47 10000
97 48 10000
97 54 10000
97 57 10000
97 58 10000
97 59 10000
97 66 10000
97 68 10000
97 69 10000
97 70 10000
97 74 10000
97 75 10000
97 79 10000
97 83 10000
97 89 10000
98 2 10000
98 3 10000
98 6 10000
98 10 10000
98 11 10000
98 13 10000
98 19 10000
98 24 10000
98 27 10000
98 29 10000
98 37 10000
98 44 10000
98 51 10000
98 53 10000
98 55 10000
98 58 10000
98 59 10000
98 63 10000
98 66 10000
98 67 10000
98 73 10000
98 78 10000
98 84 10000
98 86 10000
98 87 10000
98 88 10000
98 92 10000
98 93 10000
98 94 10000
2 t 10000
3 t 10000
7 t 10000
8 t 10000
10 t 10000
12 t 10000
15 t 10000
16 t 10000
17 t 10000
23 t 10000
25 t 10000
27 t 10000
31 t 10000
42 t 10000
43 t 10000
44 t 10000
49 t 10000
50 t 10000
55 t 10000
59 t 10000
61 t 10000
62 t 10000
65 t 10000
67 t 10000
68 t 10000
72 t 10000
74 t 10000
82 t 10000
83 t 10000
86 t 10000
87 t 10000
90 t 10000
92 t 10000
