s 4 100
s 6 100
s 8 100
s 9 100
s 10 100
s 11 100
s 16 100
s 18 100
s 19 100
s 23 100
s 28 100
s 31 100
s 37 100
s 39 100
s 43 100
s 48 100
s 50 100
s 51 100
s 55 100
s 59 100
s 62 100
s 65 100
s 69 100
s 70 100
s 73 100
s 80 100
s 81 100
s 83 100
s 85 100
s 86 100
s 90 100
s 93 100
s 95 100
s 97 100
s 99 100
1 3 100
1 4 100
1 8 100
1 10 100
1 12 100
1 21 100
1 27 100
1 29 100
1 34 100
1 35 100
1 42 100
1 46 100
1 48 100
1 50 100
1 54 100
1 59 100
1 60 100
1 70 100
1 71 100
1 76 100
1 77 100
1 81 100
1 83 100
1 88 100
1 90 100
1 92 100
1 93 100
1 96 100
1 97 100
1 98 100
2 10 100
2 16 100
2 21 100
2 23 100
2 33 100
2 35 100
2 37 100
2 38 100
2 40 100
2 50 100
2 52 100
2 55 100
2 59 100
2 60 100
2 62 100
2 65 100
2 69 100
2 72 100
2 78 100
2 81 100
2 84 100
2 86 100
2 88 100
2 89 100
2 90 100
2 95 100
2 99 100
3 1 100
3 4 100
3 5 100
3 6 100
3 10 100
3 11 100
3 16 100
3 17 100
3 18 100
3 24 100
3 26 100
3 27 100
3 31 100
3 32 100
3 34 100
3 36 100
3 37 100
3 47 100
3 54 100
3 58 100
3 59 100
3 71 100
3 72 100
3 75 100
3 77 100
3 81 100
3 84 100
3 97 100
4 1 100
4 3 100
4 5 100
4 8 100
4 11 100
4 13 100
4 16 100
4 18 100
4 21 100
4 28 100
4 30 100
4 32 100
4 33 100
4 35 100
4 36 100
4 37 100
4 40 100
4 43 100
4 48 100
4 51 100
4 55 100
4 56 100
4 59 100
4 60 100
4 62 100
4 63 100
4 64 100
4 67 100
4 69 100
4 71 100
4 72 100
4 75 100
4 78 100
4 84 100
4 92 100
4 93 100
4 96 100
4 98 100
5 3 100
5 4 100
5 7 100
5 9 100
5 12 100
5 13 100
5 14 100
5 21 100
5 22 100
5 27 100
5 28 100
5 32 100
5 35 100
5 40 100
5 41 100
5 46 100
5 52 100
5 56 100
5 57 100
5 58 100
5 69 100
5 70 100
5 75 100
5 83 100
5 84 100
5 86 100
5 89 100
5 90 100
5 91 100
5 96 100
5 99 100
6 3 100
6 17 100
6 21 100
6 26 100
6 27 100
6 32 100
6 33 100
6 38 100
6 40 100
6 42 100
6 43 100
6 46 100
6 48 100
6 49 100
6 50 100
6 51 100
6 55 100
6 63 100
6 67 100
6 69 100
6 72 100
6 74 100
6 75 100
6 77 100
6 78 100
6 80 100
6 99 100
7 5 100
7 8 100
7 9 100
7 10 100
7 12 100
7 16 100
7 23 100
7 26 100
7 36 100
7 40 100
7 43 100
7 44 100
7 46 100
7 50 100
7 51 100
7 55 100
7 60 100
7 66 100
7 68 100
7 69 100
7 70 100
7 73 100
7 74 100
7 75 100
7 77 100
7 84 100
7 92 100
7 93 100
7 96 100
8 1 100
8 4 100
8 7 100
8 15 100
8 17 100
8 20 100
8 21 100
8 22 100
8 24 100
8 30 100
8 32 100
8 34 100
8 36 100
8 45 100
8 46 100
8 47 100
8 51 100
8 52 100
8 54 100
8 56 100
8 61 100
8 67 100
8 75 100
8 77 100
8 81 100
8 83 100
8 88 100
8 90 100
8 96 100
8 97 100
8 98 100
9 5 100
9 7 100
9 14 100
9 19 100
9 27 100
9 28 100
9 30 100
9 32 100
9 36 100
9 43 100
9 49 100
9 52 100
9 56 100
9 57 100
9 59 100
9 60 100
9 61 100
9 62 100
9 67 100
9 73 100
9 79 100
9 80 100
9 82 100
9 87 100
9 96 100
9 97 100
10 1 100
10 2 100
10 3 100
10 7 100
10 13 100
10 14 100
10 15 100
10 25 100
10 26 100
10 30 100
10 35 100
10 37 100
10 42 100
10 48 100
10 49 100
10 55 100
10 61 100
10 66 100
10 70 100
10 72 100
10 75 100
10 76 100
10 82 100
10 83 100
10 89 100
10 95 100
10 98 100
10 99 100
11 3 100
11 4 100
11 14 100
11 21 100
11 24 100
11 27 100
11 30 100
11 31 100
11 36 100
11 40 100
11 43 100
11 47 100
11 50 100
11 51 100
11 54 100
11 55 100
11 56 100
11 61 100
11 64 100
11 66 100
11 69 100
11 70 100
11 71 100
11 72 100
11 73 100
11 74 100
11 84 100
11 88 100
11 90 100
11 95 100
11 96 100
11 98 100
12 1 100
12 5 100
12 7 100
12 13 100
12 20 100
12 25 100
12 26 100
12 27 100
12 28 100
12 37 100
12 40 100
12 48 100
12 49 100
12 52 100
12 60 100
12 65 100
12 66 100
12 75 100
12 77 100
12 78 100
12 79 100
12 84 100
12 88 100
12 90 100
12 91 100
12 93 100
12 97 100
13 4 100
13 5 100
13 10 100
13 12 100
13 15 100
13 18 100
13 20 100
13 23 100
13 24 100
13 27 100
13 28 100
13 29 100
13 30 100
13 34 100
13 35 100
13 36 100
13 41 100
13 43 100
13 44 100
13 46 100
13 48 100
13 55 100
13 58 100
13 60 100
13 61 100
13 66 100
13 70 100
13 71 100
13 75 100
13 76 100
13 77 100
13 78 100
13 79 100
13 81 100
13 85 100
13 87 100
13 88 100
13 96 100
13 97 100
13 99 100
14 5 100
14 9 100
14 10 100
14 11 100
14 16 100
14 19 100
14 21 100
14 22 100
14 23 100
14 26 100
14 27 100
14 36 100
14 39 100
14 43 100
14 44 100
14 48 100
14 50 100
14 53 100
14 58 100
14 59 100
14 70 100
14 72 100
14 78 100
14 80 100
14 85 100
14 87 100
14 88 100
14 89 100
14 90 100
14 93 100
14 94 100
14 97 100
14 98 100
15 8 100
15 10 100
15 13 100
15 16 100
15 22 100
15 25 100
15 29 100
15 34 100
15 39 100
15 46 100
15 48 100
15 51 100
15 53 100
15 56 100
15 57 100
15 58 100
15 59 100
15 62 100
15 63 100
15 66 100
15 71 100
15 79 100
15 86 100
15 88 100
15 93 100
15 95 100
15 98 100
16 2 100
16 3 100
16 4 100
16 7 100
16 14 100
16 15 100
16 19 100
16 21 100
16 23 100
16 24 100
16 25 100
16 26 100
16 30 100
16 34 100
16 35 100
16 48 100
16 49 100
16 50 100
16 56 100
16 60 100
16 70 100
16 71 100
16 72 100
16 80 100
16 83 100
16 86 100
16 87 100
16 91 100
16 95 100
16 96 100
16 98 100
17 3 100
17 6 100
17 8 100
17 19 100
17 26 100
17 28 100
17 29 100
17 31 100
17 36 100
17 39 100
17 44 100
17 50 100
17 51 100
17 52 100
17 62 100
17 65 100
17 67 100
17 68 100
17 76 100
17 78 100
17 80 100
17 82 100
17 86 100
17 91 100
17 92 100
17 95 100
17 97 100
18 3 100
18 4 100
18 13 100
18 28 100
18 29 100
18 30 100
18 34 100
18 35 100
18 45 100
18 46 100
18 47 100
18 48 100
18 54 100
18 56 100
18 69 100
18 72 100
18 76 100
18 77 100
18 79 100
18 81 100
18 84 100
18 86 100
18 92 100
18 96 100
18 98 100
18 99 100
19 9 100
19 14 100
19 16 100
19 17 100
19 24 100
19 27 100
19 28 100
19 29 100
19 31 100
19 33 100
19 35 100
19 42 100
19 44 100
19 50 100
19 52 100
19 54 100
19 60 100
19 61 100
19 64 100
19 65 100
19 67 100
19 69 100
19 76 100
19 78 100
19 79 100
19 83 100
19 87 100
19 88 100
19 92 100
19 95 100
19 96 100
19 98 100
19 99 100
20 8 100
20 12 100
20 13 100
20 22 100
20 23 100
20 24 100
20 27 100
20 29 100
20 33 100
20 35 100
20 36 100
20 38 100
20 43 100
20 53 100
20 54 100
20 57 100
20 64 100
20 66 100
20 67 100
20 70 100
20 74 100
20 75 100
20 81 100
20 82 100
20 85 100
20 87 100
20 91 100
20 92 100
20 95 100
20 96 100
21 1 100
21 2 100
21 4 100
21 5 100
21 6 100
21 8 100
21 11 100
21 14 100
21 16 100
21 22 100
21 24 100
21 28 100
21 32 100
21 37 100
21 49 100
21 56 100
21 57 100
21 58 100
21 66 100
21 67 100
21 73 100
21 77 100
21 79 100
21 81 100
21 83 100
21 85 100
21 90 100
21 91 100
21 92 100
21 95 100
21 98 100
22 5 100
22 8 100
22 14 100
22 15 100
22 20 100
22 21 100
22 26 100
22 32 100
22 34 100
22 35 100
22 39 100
22 44 100
22 50 100
22 56 100
22 57 100
22 60 100
22 73 100
22 82 100
22 91 100
22 96 100
23 2 100
23 7 100
23 13 100
23 14 100
23 16 100
23 20 100
23 26 100
23 40 100
23 42 100
23 43 100
23 44 100
23 46 100
23 52 100
23 57 100
23 62 100
23 64 100
23 73 100
23 74 100
23 78 100
23 80 100
23 81 100
23 83 100
23 85 100
23 86 100
23 92 100
23 94 100
23 98 100
23 99 100
24 3 100
24 8 100
24 11 100
24 13 100
24 16 100
24 19 100
24 20 100
24 21 100
24 32 100
24 34 100
24 36 100
24 38 100
24 41 100
24 43 100
24 44 100
24 48 100
24 51 100
24 54 100
24 55 100
24 58 100
24 65 100
24 70 100
24 77 100
24 82 100
24 83 100
24 85 100
24 92 100
25 10 100
25 12 100
25 15 100
25 16 100
25 27 100
25 31 100
25 37 100
25 39 100
25 41 100
25 43 100
25 44 100
25 46 100
25 47 100
25 49 100
25 57 100
25 61 100
25 67 100
25 68 100
25 72 100
25 75 100
25 77 100
25 81 100
25 82 100
25 83 100
25 85 100
26 3 100
26 6 100
26 7 100
26 10 100
26 12 100
26 14 100
26 16 100
26 17 100
26 22 100
26 23 100
26 32 100
26 39 100
26 47 100
26 50 100
26 52 100
26 54 100
26 56 100
26 59 100
26 60 100
26 61 100
26 62 100
26 72 100
26 73 100
26 78 100
26 80 100
26 81 100
26 83 100
26 85 100
26 89 100
26 92 100
26 94 100
27 1 100
27 3 100
27 5 100
27 6 100
27 9 100
27 11 100
27 12 100
27 13 100
27 14 100
27 19 100
27 20 100
27 25 100
27 28 100
27 34 100
27 35 100
27 38 100
27 45 100
27 46 100
27 51 100
27 53 100
27 58 100
27 62 100
27 67 100
27 75 100
27 76 100
27 77 100
27 79 100
27 84 100
27 85 100
27 91 100
27 92 100
27 93 100
27 94 100
27 96 100
28 4 100
28 5 100
28 9 100
28 12 100
28 13 100
28 17 100
28 18 100
28 19 100
28 21 100
28 27 100
28 31 100
28 37 100
28 42 100
28 45 100
28 46 100
28 47 100
28 50 100
28 52 100
28 53 100
28 54 100
28 57 100
28 61 100
28 63 100
28 65 100
28 66 100
28 67 100
28 69 100
28 70 100
28 74 100
28 75 100
28 78 100
28 82 100
28 90 100
28 99 100
29 1 100
29 13 100
29 15 100
29 17 100
29 18 100
29 19 100
29 20 100
29 32 100
29 34 100
29 35 100
29 36 100
29 37 100
29 39 100
29 40 100
29 44 100
29 45 100
29 47 100
29 48 100
29 50 100
29 51 100
29 54 100
29 56 100
29 57 100
29 59 100
29 63 100
29 66 100
29 67 100
29 72 100
29 75 100
29 76 100
29 79 100
29 80 100
29 86 100
29 87 100
29 89 100
29 97 100
30 4 100
30 8 100
30 9 100
30 10 100
30 11 100
30 13 100
30 16 100
30 18 100
30 32 100
30 34 100
30 37 100
30 43 100
30 45 100
30 48 100
30 54 100
30 60 100
30 66 100
30 74 100
30 75 100
30 77 100
30 84 100
30 90 100
30 91 100
30 98 100
31 3 100
31 11 100
31 17 100
31 19 100
31 25 100
31 28 100
31 41 100
31 42 100
31 45 100
31 49 100
31 50 100
31 51 100
31 52 100
31 53 100
31 60 100
31 65 100
31 66 100
31 67 100
31 68 100
31 81 100
31 83 100
31 88 100
31 98 100
31 99 100
32 3 100
32 4 100
32 5 100
32 6 100
32 8 100
32 9 100
32 21 100
32 22 100
32 24 100
32 26 100
32 29 100
32 30 100
32 34 100
32 39 100
32 54 100
32 57 100
32 59 100
32 62 100
32 64 100
32 65 100
32 67 100
32 68 100
32 73 100
32 76 100
32 90 100
32 92 100
32 95 100
32 96 100
32 98 100
33 2 100
33 4 100
33 6 100
33 19 100
33 20 100
33 36 100
33 39 100
33 40 100
33 42 100
33 46 100
33 49 100
33 52 100
33 55 100
33 62 100
33 63 100
33 64 100
33 67 100
33 73 100
33 76 100
33 78 100
33 83 100
33 85 100
33 94 100
33 96 100
33 98 100
33 99 100
34 1 100
34 3 100
34 8 100
34 13 100
34 15 100
34 16 100
34 18 100
34 22 100
34 24 100
34 27 100
34 29 100
34 30 100
34 32 100
34 38 100
34 39 100
34 51 100
34 52 100
34 58 100
34 60 100
34 61 100
34 63 100
34 68 100
34 77 100
34 79 100
34 82 100
34 86 100
34 91 100
34 92 100
34 93 100
34 96 100
34 98 100
34 99 100
35 1 100
35 2 100
35 4 100
35 5 100
35 10 100
35 13 100
35 16 100
35 18 100
35 19 100
35 20 100
35 22 100
35 27 100
35 29 100
35 39 100
35 40 100
35 41 100
35 42 100
35 44 100
35 45 100
35 46 100
35 50 100
35 51 100
35 57 100
35 59 100
35 66 100
35 69 100
35 70 100
35 73 100
35 79 100
35 80 100
35 81 100
35 85 100
35 87 100
35 89 100
35 90 100
35 93 100
35 94 100
35 98 100
36 3 100
36 4 100
36 7 100
36 8 100
36 9 100
36 11 100
36 13 100
36 14 100
36 17 100
36 20 100
36 24 100
36 29 100
36 33 100
36 40 100
36 41 100
36 43 100
36 45 100
36 57 100
36 59 100
36 60 100
36 65 100
36 71 100
36 73 100
36 76 100
36 78 100
36 79 100
36 80 100
36 90 100
36 91 100
36 97 100
36 99 100
37 2 100
37 3 100
37 4 100
37 10 100
37 12 100
37 21 100
37 25 100
37 28 100
37 29 100
37 30 100
37 40 100
37 41 100
37 42 100
37 54 100
37 55 100
37 57 100
37 59 100
37 63 100
37 71 100
37 80 100
37 82 100
37 84 100
37 88 100
37 89 100
37 92 100
37 93 100
37 98 100
37 99 100
38 2 100
38 6 100
38 20 100
38 24 100
38 27 100
38 34 100
38 39 100
38 45 100
38 51 100
38 55 100
38 57 100
38 61 100
38 66 100
38 67 100
38 71 100
38 72 100
38 77 100
38 78 100
38 79 100
38 86 100
38 94 100
38 95 100
38 97 100
39 14 100
39 15 100
39 17 100
39 22 100
39 25 100
39 26 100
39 29 100
39 32 100
39 33 100
39 34 100
39 35 100
39 38 100
39 40 100
39 41 100
39 47 100
39 49 100
39 51 100
39 52 100
39 53 100
39 54 100
39 64 100
39 65 100
39 66 100
39 69 100
39 71 100
39 75 100
39 76 100
39 78 100
39 79 100
39 80 100
39 88 100
39 91 100
39 98 100
39 99 100
40 2 100
40 4 100
40 5 100
40 6 100
40 7 100
40 11 100
40 12 100
40 23 100
40 29 100
40 33 100
40 35 100
40 36 100
40 37 100
40 39 100
40 41 100
40 43 100
40 46 100
40 47 100
40 51 100
40 53 100
40 56 100
40 58 100
40 69 100
40 74 100
40 75 100
40 76 100
40 80 100
40 81 100
40 84 100
40 90 100
40 93 100
40 94 100
40 95 100
40 96 100
41 5 100
41 13 100
41 24 100
41 25 100
41 31 100
41 35 100
41 36 100
41 37 100
41 39 100
41 40 100
41 44 100
41 53 100
41 56 100
41 57 100
41 62 100
41 68 100
41 70 100
41 71 100
41 79 100
41 85 100
41 88 100
41 92 100
41 95 100
42 1 100
42 6 100
42 10 100
42 19 100
42 23 100
42 28 100
42 31 100
42 33 100
42 35 100
42 37 100
42 43 100
42 46 100
42 49 100
42 50 100
42 51 100
42 52 100
42 53 100
42 55 100
42 56 100
42 57 100
42 59 100
42 60 100
42 61 100
42 64 100
42 69 100
42 70 100
42 72 100
42 73 100
42 75 100
42 77 100
42 94 100
42 98 100
43 4 100
43 6 100
43 7 100
43 9 100
43 11 100
43 13 100
43 14 100
43 20 100
43 23 100
43 24 100
43 25 100
43 30 100
43 36 100
43 40 100
43 42 100
43 47 100
43 54 100
43 55 100
43 60 100
43 65 100
43 68 100
43 69 100
43 70 100
43 72 100
43 73 100
43 75 100
43 76 100
43 80 100
43 81 100
43 88 100
43 90 100
44 7 100
44 13 100
44 14 100
44 17 100
44 19 100
44 22 100
44 23 100
44 24 100
44 25 100
44 29 100
44 35 100
44 41 100
44 46 100
44 52 100
44 57 100
44 61 100
44 64 100
44 72 100
44 73 100
44 74 100
44 76 100
44 88 100
44 91 100
44 92 100
44 96 100
45 8 100
45 18 100
45 27 100
45 28 100
45 29 100
45 30 100
45 31 100
45 35 100
45 36 100
45 38 100
45 49 100
45 50 100
45 52 100
45 53 100
45 57 100
45 60 100
45 62 100
45 63 100
45 65 100
45 68 100
45 73 100
45 76 100
45 77 100
45 79 100
45 83 100
45 90 100
45 98 100
46 1 100
46 5 100
46 6 100
46 7 100
46 8 100
46 13 100
46 15 100
46 18 100
46 23 100
46 25 100
46 27 100
46 28 100
46 33 100
46 35 100
46 40 100
46 42 100
46 44 100
46 48 100
46 54 100
46 58 100
46 60 100
46 65 100
46 66 100
46 68 100
46 71 100
46 72 100
46 75 100
46 81 100
46 87 100
46 93 100
47 3 100
47 8 100
47 11 100
47 18 100
47 25 100
47 26 100
47 28 100
47 29 100
47 39 100
47 40 100
47 43 100
47 53 100
47 56 100
47 57 100
47 58 100
47 60 100
47 63 100
47 64 100
47 68 100
47 70 100
47 73 100
47 74 100
47 76 100
47 79 100
47 83 100
47 86 100
47 90 100
48 1 100
48 4 100
48 6 100
48 10 100
48 12 100
48 13 100
48 14 100
48 15 100
48 16 100
48 18 100
48 24 100
48 29 100
48 30 100
48 46 100
48 50 100
48 54 100
48 59 100
48 68 100
48 71 100
48 72 100
48 76 100
48 83 100
48 85 100
48 88 100
48 90 100
48 93 100
48 94 100
48 98 100
48 99 100
49 6 100
49 9 100
49 10 100
49 12 100
49 16 100
49 21 100
49 25 100
49 31 100
49 33 100
49 39 100
49 42 100
49 45 100
49 50 100
49 53 100
49 57 100
49 62 100
49 67 100
49 68 100
49 70 100
49 73 100
49 77 100
49 81 100
49 86 100
49 88 100
49 89 100
49 92 100
49 93 100
49 94 100
49 95 100
49 99 100
50 1 100
50 2 100
50 6 100
50 7 100
50 11 100
50 14 100
50 16 100
50 17 100
50 19 100
50 22 100
50 26 100
50 28 100
50 29 100
50 31 100
50 35 100
50 42 100
50 45 100
50 48 100
50 49 100
50 52 100
50 62 100
50 63 100
50 67 100
50 68 100
50 69 100
50 70 100
50 72 100
50 73 100
50 76 100
50 79 100
50 80 100
50 84 100
50 96 100
50 97 100
51 4 100
51 6 100
51 7 100
51 8 100
51 11 100
51 15 100
51 17 100
51 24 100
51 27 100
51 29 100
51 31 100
51 34 100
51 35 100
51 38 100
51 39 100
51 40 100
51 42 100
51 57 100
51 59 100
51 60 100
51 61 100
51 67 100
51 69 100
51 70 100
51 75 100
51 76 100
51 78 100
51 85 100
51 87 100
51 88 100
51 90 100
51 91 100
52 2 100
52 5 100
52 8 100
52 9 100
52 12 100
52 17 100
52 19 100
52 23 100
52 26 100
52 28 100
52 31 100
52 33 100
52 34 100
52 39 100
52 42 100
52 44 100
52 45 100
52 50 100
52 56 100
52 60 100
52 62 100
52 63 100
52 65 100
52 67 100
52 74 100
52 80 100
52 81 100
52 85 100
52 92 100
52 97 100
53 14 100
53 15 100
53 20 100
53 27 100
53 28 100
53 31 100
53 39 100
53 40 100
53 41 100
53 42 100
53 45 100
53 47 100
53 49 100
53 55 100
53 61 100
53 62 100
53 63 100
53 64 100
53 66 100
53 68 100
53 75 100
53 76 100
53 83 100
53 87 100
53 89 100
53 92 100
53 96 100
53 99 100
54 1 100
54 3 100
54 8 100
54 11 100
54 18 100
54 19 100
54 20 100
54 24 100
54 26 100
54 28 100
54 29 100
54 30 100
54 32 100
54 37 100
54 39 100
54 43 100
54 46 100
54 48 100
54 55 100
54 67 100
54 72 100
54 74 100
54 75 100
54 77 100
54 82 100
54 89 100
54 95 100
55 2 100
55 4 100
55 6 100
55 7 100
55 10 100
55 11 100
55 13 100
55 24 100
55 33 100
55 37 100
55 38 100
55 42 100
55 43 100
55 53 100
55 54 100
55 59 100
55 60 100
55 61 100
55 62 100
55 69 100
55 72 100
55 75 100
55 76 100
55 82 100
55 88 100
55 93 100
55 94 100
55 95 100
56 4 100
56 5 100
56 8 100
56 9 100
56 11 100
56 15 100
56 16 100
56 18 100
56 21 100
56 22 100
56 26 100
56 29 100
56 40 100
56 41 100
56 42 100
56 47 100
56 52 100
56 58 100
56 62 100
56 65 100
56 67 100
56 73 100
56 76 100
56 79 100
56 83 100
56 84 100
56 90 100
56 94 100
57 5 100
57 9 100
57 15 100
57 20 100
57 21 100
57 22 100
57 23 100
57 25 100
57 28 100
57 29 100
57 32 100
57 35 100
57 36 100
57 37 100
57 38 100
57 41 100
57 42 100
57 44 100
57 45 100
57 47 100
57 49 100
57 51 100
57 58 100
57 62 100
57 63 100
57 64 100
57 65 100
57 66 100
57 70 100
57 71 100
57 73 100
57 75 100
57 77 100
57 80 100
57 83 100
57 87 100
57 88 100
57 91 100
57 97 100
58 3 100
58 5 100
58 13 100
58 14 100
58 15 100
58 21 100
58 24 100
58 27 100
58 34 100
58 40 100
58 46 100
58 47 100
58 56 100
58 57 100
58 61 100
58 62 100
58 63 100
58 72 100
58 74 100
58 77 100
58 79 100
58 82 100
58 88 100
58 92 100
58 93 100
58 94 100
59 1 100
59 2 100
59 3 100
59 4 100
59 9 100
59 14 100
59 15 100
59 26 100
59 29 100
59 32 100
59 35 100
59 36 100
59 37 100
59 42 100
59 48 100
59 51 100
59 55 100
59 61 100
59 62 100
59 63 100
59 66 100
59 67 100
59 68 100
59 75 100
59 91 100
59 97 100
59 99 100
60 1 100
60 2 100
60 4 100
60 7 100
60 9 100
60 12 100
60 13 100
60 16 100
60 19 100
60 22 100
60 26 100
60 30 100
60 31 100
60 34 100
60 36 100
60 42 100
60 43 100
60 45 100
60 46 100
60 47 100
60 51 100
60 52 100
60 55 100
60 65 100
60 67 100
60 73 100
60 74 100
60 75 100
60 76 100
60 87 100
60 88 100
60 89 100
60 92 100
60 93 100
60 97 100
60 98 100
60 99 100
61 8 100
61 9 100
61 10 100
61 11 100
61 13 100
61 19 100
61 25 100
61 26 100
61 28 100
61 34 100
61 38 100
61 42 100
61 44 100
61 51 100
61 53 100
61 55 100
61 58 100
61 59 100
61 63 100
61 65 100
61 72 100
61 75 100
61 80 100
61 83 100
61 89 100
61 90 100
61 91 100
61 95 100
61 96 100
61 97 100
62 2 100
62 4 100
62 9 100
62 15 100
62 17 100
62 23 100
62 26 100
62 27 100
62 32 100
62 33 100
62 41 100
62 45 100
62 49 100
62 50 100
62 52 100
62 53 100
62 55 100
62 56 100
62 57 100
62 58 100
62 59 100
62 65 100
62 67 100
62 71 100
62 75 100
62 81 100
62 82 100
62 93 100
62 94 100
62 97 100
62 98 100
62 99 100
63 4 100
63 6 100
63 15 100
63 28 100
63 29 100
63 33 100
63 34 100
63 37 100
63 45 100
63 47 100
63 50 100
63 52 100
63 53 100
63 57 100
63 58 100
63 59 100
63 61 100
63 66 100
63 71 100
63 72 100
63 73 100
63 75 100
63 79 100
63 80 100
63 83 100
63 89 100
63 90 100
63 95 100
64 4 100
64 11 100
64 19 100
64 20 100
64 23 100
64 32 100
64 33 100
64 39 100
64 42 100
64 44 100
64 47 100
64 53 100
64 57 100
64 68 100
64 70 100
64 73 100
64 74 100
64 75 100
64 81 100
64 84 100
64 87 100
64 88 100
64 89 100
64 91 100
65 2 100
65 12 100
65 17 100
65 19 100
65 24 100
65 28 100
65 31 100
65 32 100
65 36 100
65 39 100
65 43 100
65 45 100
65 46 100
65 52 100
65 56 100
65 57 100
65 60 100
65 61 100
65 62 100
65 67 100
65 68 100
65 74 100
65 75 100
65 77 100
65 86 100
65 87 100
65 88 100
65 89 100
65 99 100
66 7 100
66 10 100
66 11 100
66 12 100
66 13 100
66 15 100
66 20 100
66 21 100
66 28 100
66 29 100
66 30 100
66 31 100
66 35 100
66 38 100
66 39 100
66 46 100
66 53 100
66 57 100
66 59 100
66 63 100
66 78 100
66 79 100
66 81 100
66 82 100
66 88 100
66 89 100
66 90 100
66 92 100
66 95 100
66 98 100
66 99 100
67 4 100
67 6 100
67 8 100
67 9 100
67 17 100
67 19 100
67 20 100
67 21 100
67 25 100
67 27 100
67 28 100
67 29 100
67 31 100
67 32 100
67 33 100
67 38 100
67 49 100
67 50 100
67 51 100
67 52 100
67 54 100
67 56 100
67 59 100
67 60 100
67 62 100
67 65 100
67 76 100
67 83 100
67 90 100
67 95 100
67 97 100
68 7 100
68 17 100
68 25 100
68 31 100
68 32 100
68 34 100
68 41 100
68 43 100
68 45 100
68 46 100
68 47 100
68 48 100
68 49 100
68 50 100
68 53 100
68 59 100
68 64 100
68 65 100
68 73 100
68 75 100
68 77 100
68 78 100
68 80 100
68 81 100
68 83 100
68 84 100
68 92 100
68 96 100
68 97 100
69 2 100
69 4 100
69 5 100
69 6 100
69 7 100
69 11 100
69 18 100
69 19 100
69 28 100
69 35 100
69 39 100
69 40 100
69 42 100
69 43 100
69 50 100
69 51 100
69 55 100
69 70 100
69 73 100
69 77 100
69 79 100
69 81 100
69 84 100
69 87 100
69 89 100
69 97 100
69 99 100
70 1 100
70 5 100
70 7 100
70 10 100
70 11 100
70 13 100
70 14 100
70 16 100
70 20 100
70 24 100
70 28 100
70 35 100
70 41 100
70 42 100
70 43 100
70 47 100
70 49 100
70 50 100
70 51 100
70 57 100
70 64 100
70 69 100
70 73 100
70 79 100
70 82 100
70 87 100
70 91 100
70 92 100
71 1 100
71 3 100
71 4 100
71 11 100
71 13 100
71 15 100
71 16 100
71 36 100
71 37 100
71 38 100
71 39 100
71 41 100
71 46 100
71 48 100
71 57 100
71 62 100
71 63 100
71 76 100
71 78 100
71 86 100
71 89 100
71 91 100
71 93 100
72 2 100
72 3 100
72 4 100
72 6 100
72 10 100
72 11 100
72 14 100
72 16 100
72 18 100
72 25 100
72 26 100
72 29 100
72 38 100
72 42 100
72 43 100
72 44 100
72 46 100
72 48 100
72 50 100
72 54 100
72 55 100
72 58 100
72 61 100
72 63 100
72 73 100
72 76 100
72 77 100
72 79 100
72 83 100
72 84 100
73 7 100
73 9 100
73 11 100
73 21 100
73 22 100
73 23 100
73 26 100
73 32 100
73 33 100
73 35 100
73 36 100
73 42 100
73 43 100
73 44 100
73 45 100
73 47 100
73 49 100
73 50 100
73 56 100
73 57 100
73 60 100
73 63 100
73 64 100
73 68 100
73 69 100
73 70 100
73 72 100
73 74 100
73 80 100
73 82 100
73 84 100
73 85 100
73 88 100
73 89 100
73 99 100
74 6 100
74 7 100
74 11 100
74 20 100
74 23 100
74 28 100
74 30 100
74 40 100
74 44 100
74 47 100
74 52 100
74 54 100
74 58 100
74 60 100
74 64 100
74 65 100
74 73 100
74 75 100
74 78 100
74 85 100
74 92 100
74 94 100
74 95 100
75 3 100
75 4 100
75 5 100
75 6 100
75 7 100
75 8 100
75 10 100
75 12 100
75 13 100
75 20 100
75 25 100
75 27 100
75 28 100
75 29 100
75 30 100
75 39 100
75 40 100
75 42 100
75 43 100
75 46 100
75 51 100
75 53 100
75 54 100
75 55 100
75 57 100
75 59 100
75 60 100
75 61 100
75 62 100
75 63 100
75 64 100
75 65 100
75 68 100
75 74 100
75 80 100
75 83 100
75 85 100
75 87 100
75 89 100
75 93 100
75 97 100
76 1 100
76 10 100
76 13 100
76 17 100
76 18 100
76 19 100
76 27 100
76 29 100
76 32 100
76 33 100
76 36 100
76 39 100
76 40 100
76 43 100
76 44 100
76 45 100
76 47 100
76 48 100
76 50 100
76 51 100
76 53 100
76 55 100
76 56 100
76 60 100
76 67 100
76 71 100
76 72 100
76 81 100
76 84 100
76 85 100
76 92 100
76 94 100
76 95 100
76 97 100
76 99 100
77 1 100
77 3 100
77 6 100
77 7 100
77 8 100
77 12 100
77 13 100
77 18 100
77 21 100
77 24 100
77 25 100
77 27 100
77 30 100
77 34 100
77 38 100
77 42 100
77 45 100
77 49 100
77 54 100
77 57 100
77 58 100
77 65 100
77 68 100
77 69 100
77 72 100
77 79 100
77 84 100
77 87 100
77 91 100
77 94 100
77 96 100
78 2 100
78 4 100
78 6 100
78 12 100
78 13 100
78 14 100
78 17 100
78 19 100
78 23 100
78 26 100
78 28 100
78 33 100
78 36 100
78 38 100
78 39 100
78 51 100
78 66 100
78 68 100
78 71 100
78 74 100
78 82 100
78 83 100
78 84 100
78 86 100
78 87 100
78 88 100
78 91 100
78 95 100
78 97 100
78 98 100
78 99 100
79 9 100
79 12 100
79 13 100
79 15 100
79 18 100
79 19 100
79 21 100
79 27 100
79 29 100
79 34 100
79 35 100
79 36 100
79 38 100
79 39 100
79 41 100
79 45 100
79 47 100
79 50 100
79 56 100
79 58 100
79 63 100
79 66 100
79 69 100
79 70 100
79 72 100
79 77 100
79 81 100
79 91 100
79 92 100
79 94 100
79 95 100
79 96 100
79 98 100
79 99 100
80 6 100
80 9 100
80 14 100
80 16 100
80 17 100
80 23 100
80 26 100
80 29 100
80 35 100
80 36 100
80 37 100
80 39 100
80 40 100
80 43 100
80 50 100
80 52 100
80 57 100
80 61 100
80 63 100
80 68 100
80 73 100
80 75 100
80 81 100
80 87 100
80 96 100
81 1 100
81 2 100
81 3 100
81 8 100
81 13 100
81 18 100
81 20 100
81 21 100
81 23 100
81 25 100
81 26 100
81 31 100
81 35 100
81 40 100
81 43 100
81 46 100
81 49 100
81 52 100
81 62 100
81 64 100
81 66 100
81 68 100
81 69 100
81 76 100
81 79 100
81 80 100
81 82 100
81 84 100
81 87 100
82 9 100
82 10 100
82 17 100
82 20 100
82 22 100
82 24 100
82 25 100
82 28 100
82 34 100
82 37 100
82 54 100
82 55 100
82 58 100
82 62 100
82 66 100
82 70 100
82 73 100
82 78 100
82 81 100
82 87 100
82 88 100
82 89 100
82 90 100
82 93 100
82 97 100
83 1 100
83 5 100
83 8 100
83 10 100
83 16 100
83 19 100
83 21 100
83 23 100
83 24 100
83 25 100
83 26 100
83 31 100
83 33 100
83 45 100
83 47 100
83 48 100
83 53 100
83 56 100
83 57 100
83 61 100
83 63 100
83 67 100
83 68 100
83 72 100
83 75 100
83 78 100
83 87 100
83 89 100
83 93 100
83 96 100
83 98 100
84 2 100
84 3 100
84 4 100
84 5 100
84 7 100
84 11 100
84 12 100
84 18 100
84 27 100
84 30 100
84 37 100
84 40 100
84 50 100
84 56 100
84 64 100
84 68 100
84 69 100
84 72 100
84 73 100
84 76 100
84 77 100
84 78 100
84 81 100
84 85 100
84 89 100
84 93 100
84 96 100
84 97 100
85 13 100
85 14 100
85 20 100
85 21 100
85 23 100
85 24 100
85 25 100
85 26 100
85 27 100
85 33 100
85 35 100
85 41 100
85 48 100
85 51 100
85 52 100
85 73 100
85 74 100
85 75 100
85 76 100
85 84 100
85 95 100
85 96 100
85 97 100
85 98 100
85 99 100
86 2 100
86 5 100
86 15 100
86 16 100
86 17 100
86 18 100
86 23 100
86 29 100
86 34 100
86 38 100
86 47 100
86 49 100
86 65 100
86 71 100
86 78 100
86 96 100
86 98 100
87 9 100
87 13 100
87 14 100
87 16 100
87 19 100
87 20 100
87 29 100
87 35 100
87 46 100
87 51 100
87 53 100
87 57 100
87 60 100
87 64 100
87 65 100
87 69 100
87 70 100
87 75 100
87 77 100
87 78 100
87 80 100
87 81 100
87 82 100
87 83 100
87 89 100
87 92 100
87 98 100
88 1 100
88 2 100
88 8 100
88 11 100
88 12 100
88 13 100
88 14 100
88 15 100
88 19 100
88 31 100
88 37 100
88 39 100
88 41 100
88 43 100
88 44 100
88 48 100
88 49 100
88 51 100
88 55 100
88 57 100
88 58 100
88 60 100
88 64 100
88 65 100
88 66 100
88 73 100
88 78 100
88 82 100
88 89 100
88 92 100
88 95 100
88 97 100
88 98 100
89 2 100
89 5 100
89 10 100
89 14 100
89 26 100
89 29 100
89 35 100
89 37 100
89 49 100
89 53 100
89 54 100
89 60 100
89 61 100
89 63 100
89 64 100
89 65 100
89 66 100
89 69 100
89 71 100
89 73 100
89 75 100
89 82 100
89 83 100
89 84 100
89 87 100
89 88 100
89 92 100
89 93 100
89 96 100
89 99 100
90 1 100
90 2 100
90 5 100
90 8 100
90 11 100
90 12 100
90 14 100
90 21 100
90 28 100
90 30 100
90 32 100
90 35 100
90 36 100
90 40 100
90 43 100
90 45 100
90 47 100
90 48 100
90 51 100
90 56 100
90 61 100
90 63 100
90 66 100
90 67 100
90 82 100
90 96 100
90 98 100
90 99 100
91 5 100
91 12 100
91 16 100
91 17 100
91 20 100
91 21 100
91 22 100
91 27 100
91 30 100
91 34 100
91 36 100
91 39 100
91 44 100
91 51 100
91 57 100
91 59 100
91 61 100
91 64 100
91 70 100
91 71 100
91 77 100
91 78 100
91 79 100
91 93 100
91 98 100
92 1 100
92 4 100
92 7 100
92 17 100
92 18 100
92 19 100
92 20 100
92 21 100
92 23 100
92 24 100
92 26 100
92 27 100
92 32 100
92 34 100
92 37 100
92 41 100
92 44 100
92 49 100
92 52 100
92 53 100
92 58 100
92 60 100
92 66 100
92 68 100
92 70 100
92 74 100
92 76 100
92 79 100
92 87 100
92 88 100
92 89 100
92 97 100
93 1 100
93 4 100
93 7 100
93 12 100
93 14 100
93 15 100
93 27 100
93 34 100
93 35 100
93 37 100
93 40 100
93 46 100
93 48 100
93 49 100
93 55 100
93 58 100
93 60 100
93 62 100
93 71 100
93 75 100
93 82 100
93 83 100
93 84 100
93 89 100
93 91 100
93 98 100
94 14 100
94 23 100
94 26 100
94 27 100
94 33 100
94 35 100
94 38 100
94 40 100
94 42 100
94 48 100
94 49 100
94 55 100
94 56 100
94 58 100
94 62 100
94 74 100
94 76 100
94 77 100
94 79 100
94 97 100
95 2 100
95 10 100
95 11 100
95 15 100
95 16 100
95 17 100
95 19 100
95 20 100
95 21 100
95 32 100
95 38 100
95 40 100
95 41 100
95 49 100
95 54 100
95 55 100
95 61 100
95 63 100
95 66 100
95 67 100
95 74 100
95 76 100
95 78 100
95 79 100
95 85 100
95 88 100
96 1 100
96 4 100
96 5 100
96 7 100
96 8 100
96 9 100
96 11 100
96 13 100
96 16 100
96 18 100
96 19 100
96 20 100
96 22 100
96 27 100
96 32 100
96 33 100
96 34 100
96 40 100
96 44 100
96 50 100
96 53 100
96 61 100
96 68 100
96 77 100
96 79 100
96 80 100
96 83 100
96 84 100
96 85 100
96 86 100
96 89 100
96 90 100
96 98 100
97 1 100
97 3 100
97 8 100
97 9 100
97 12 100
97 13 100
97 14 100
97 17 100
97 29 100
97 36 100
97 38 100
97 50 100
97 52 100
97 57 100
97 59 100
97 60 100
97 61 100
97 62 100
97 67 100
97 68 100
97 69 100
97 75 100
97 76 100
97 78 100
97 82 100
97 84 100
97 85 100
97 88 100
97 92 100
97 94 100
97 99 100
98 1 100
98 4 100
98 8 100
98 10 100
98 11 100
98 14 100
98 15 100
98 16 100
98 18 100
98 19 100
98 21 100
98 23 100
98 30 100
98 31 100
98 32 100
98 33 100
98 34 100
98 35 100
98 37 100
98 39 100
98 42 100
98 45 100
98 48 100
98 60 100
98 62 100
98 66 100
98 78 100
98 79 100
98 83 100
98 85 100
98 86 100
98 87 100
98 88 100
98 90 100
98 91 100
98 93 100
98 96 100
2 t 100
5 t 100
6 t 100
10 t 100
13 t 100
18 t 100
19 t 100
23 t 100
28 t 100
31 t 100
33 t 100
34 t 100
36 t 100
37 t 100
39 t 100
48 t 100
49 t 100
53 t 100
59 t 100
60 t 100
62 t 100
65 t 100
66 t 100
69 t 100
73 t 100
76 t 100
78 t 100
79 t 100
85 t 100
89 t 100
90 t 100
97 t 100
