s 3 100
s 38 100
s 46 100
s 52 100
s 55 100
s 62 100
s 84 100
s 91 100
s 99 100
1 2 100
1 7 100
1 9 100
1 40 100
1 43 100
1 46 100
1 47 100
1 63 100
1 70 100
1 76 100
1 89 100
1 90 100
1 91 100
1 93 100
2 1 100
2 11 100
2 13 100
2 14 100
2 20 100
2 25 100
2 32 100
2 68 100
2 74 100
2 82 100
2 85 100
3 12 100
3 17 100
3 20 100
3 23 100
3 28 100
3 39 100
3 40 100
3 47 100
3 48 100
3 49 100
3 72 100
3 80 100
3 95 100
4 6 100
4 10 100
4 24 100
4 31 100
4 39 100
4 42 100
4 59 100
4 62 100
4 65 100
4 70 100
4 88 100
5 18 100
5 22 100
5 30 100
5 35 100
5 39 100
5 40 100
5 57 100
5 72 100
5 84 100
5 85 100
5 93 100
5 96 100
6 4 100
6 14 100
6 22 100
6 34 100
6 38 100
6 42 100
6 87 100
6 90 100
6 92 100
6 94 100
6 95 100
6 96 100
7 1 100
7 31 100
7 33 100
7 47 100
7 63 100
7 67 100
7 81 100
7 93 100
8 13 100
8 14 100
8 31 100
8 35 100
8 38 100
8 56 100
8 95 100
8 97 100
9 1 100
9 16 100
9 36 100
9 48 100
9 58 100
9 60 100
9 70 100
9 77 100
9 95 100
10 4 100
10 12 100
10 21 100
10 60 100
10 80 100
10 87 100
11 2 100
11 13 100
11 22 100
11 27 100
11 28 100
11 31 100
11 38 100
11 42 100
11 54 100
11 63 100
11 81 100
11 83 100
11 95 100
12 3 100
12 10 100
12 14 100
12 17 100
12 26 100
12 33 100
12 49 100
12 67 100
12 70 100
12 71 100
12 86 100
12 93 100
12 99 100
13 2 100
13 8 100
13 11 100
13 34 100
13 42 100
13 48 100
13 58 100
13 60 100
13 62 100
13 66 100
13 77 100
13 86 100
13 87 100
14 2 100
14 6 100
14 8 100
14 12 100
14 24 100
14 44 100
14 45 100
14 59 100
14 62 100
14 72 100
14 79 100
15 18 100
15 21 100
15 37 100
15 49 100
15 54 100
15 65 100
15 74 100
15 89 100
16 9 100
16 27 100
16 29 100
16 31 100
16 76 100
16 86 100
17 3 100
17 12 100
17 31 100
17 36 100
17 41 100
17 57 100
17 65 100
17 76 100
17 84 100
17 86 100
17 99 100
18 5 100
18 15 100
18 28 100
18 29 100
18 60 100
18 64 100
18 99 100
19 41 100
19 71 100
20 2 100
20 3 100
20 24 100
20 27 100
20 32 100
20 38 100
20 47 100
20 59 100
20 87 100
20 89 100
21 10 100
21 15 100
21 42 100
21 57 100
21 99 100
22 5 100
22 6 100
22 11 100
22 33 100
22 45 100
22 56 100
22 71 100
22 85 100
22 98 100
23 3 100
23 24 100
23 29 100
23 40 100
23 43 100
23 51 100
23 68 100
23 74 100
23 85 100
23 86 100
23 91 100
23 93 100
23 99 100
24 4 100
24 14 100
24 20 100
24 23 100
24 38 100
24 39 100
24 83 100
24 89 100
24 90 100
24 97 100
25 2 100
25 47 100
25 50 100
25 57 100
25 69 100
25 76 100
25 95 100
26 12 100
26 33 100
26 34 100
26 47 100
26 53 100
26 70 100
26 86 100
26 90 100
26 97 100
27 11 100
27 16 100
27 20 100
27 51 100
27 56 100
27 57 100
27 62 100
27 65 100
27 68 100
27 72 100
27 78 100
27 83 100
27 89 100
28 3 100
28 11 100
28 18 100
28 34 100
28 62 100
28 63 100
28 90 100
29 16 100
29 18 100
29 23 100
29 39 100
29 47 100
29 50 100
29 56 100
29 76 100
29 83 100
29 84 100
29 91 100
29 97 100
30 5 100
30 65 100
30 77 100
30 94 100
30 97 100
31 4 100
31 7 100
31 8 100
31 11 100
31 16 100
31 17 100
31 35 100
31 36 100
31 67 100
31 70 100
31 78 100
31 85 100
32 2 100
32 20 100
32 33 100
32 44 100
32 58 100
32 74 100
32 76 100
32 81 100
32 87 100
32 89 100
32 91 100
32 99 100
33 7 100
33 12 100
33 22 100
33 26 100
33 32 100
33 38 100
33 51 100
33 57 100
33 59 100
33 67 100
33 71 100
33 79 100
34 6 100
34 13 100
34 26 100
34 28 100
34 35 100
34 38 100
34 48 100
34 63 100
34 67 100
34 69 100
34 75 100
34 93 100
35 5 100
35 8 100
35 31 100
35 34 100
35 43 100
35 60 100
35 74 100
35 79 100
35 87 100
35 88 100
36 9 100
36 17 100
36 31 100
36 47 100
36 48 100
36 76 100
36 79 100
36 83 100
36 94 100
37 15 100
37 40 100
37 41 100
37 49 100
37 58 100
37 84 100
37 94 100
37 98 100
38 6 100
38 8 100
38 11 100
38 20 100
38 24 100
38 33 100
38 34 100
38 42 100
38 43 100
38 45 100
38 53 100
38 54 100
38 55 100
38 74 100
38 83 100
38 87 100
38 91 100
38 95 100
39 3 100
39 4 100
39 5 100
39 24 100
39 29 100
39 53 100
39 60 100
39 76 100
39 79 100
39 80 100
39 87 100
40 1 100
40 3 100
40 5 100
40 23 100
40 37 100
40 69 100
40 74 100
40 77 100
40 86 100
40 90 100
41 17 100
41 19 100
41 37 100
41 42 100
41 44 100
41 49 100
41 55 100
41 59 100
41 83 100
41 87 100
42 4 100
42 6 100
42 11 100
42 13 100
42 21 100
42 38 100
42 41 100
42 53 100
42 55 100
42 57 100
42 64 100
42 71 100
42 93 100
43 1 100
43 23 100
43 35 100
43 38 100
43 62 100
43 69 100
43 88 100
43 96 100
44 14 100
44 32 100
44 41 100
44 45 100
44 46 100
44 78 100
45 14 100
45 22 100
45 38 100
45 44 100
45 57 100
45 81 100
45 82 100
45 92 100
45 94 100
45 95 100
46 1 100
46 44 100
46 52 100
46 60 100
46 61 100
46 63 100
46 66 100
46 92 100
46 95 100
47 1 100
47 3 100
47 7 100
47 20 100
47 25 100
47 26 100
47 29 100
47 36 100
47 49 100
47 87 100
47 92 100
47 96 100
48 3 100
48 9 100
48 13 100
48 34 100
48 36 100
48 51 100
48 52 100
48 62 100
48 69 100
48 88 100
48 90 100
49 3 100
49 12 100
49 15 100
49 37 100
49 41 100
49 47 100
49 50 100
49 57 100
49 73 100
49 93 100
49 96 100
50 25 100
50 29 100
50 49 100
50 62 100
50 77 100
50 87 100
50 91 100
51 23 100
51 27 100
51 33 100
51 48 100
51 53 100
51 76 100
51 78 100
51 82 100
51 89 100
51 90 100
51 93 100
51 98 100
52 46 100
52 48 100
52 62 100
52 68 100
52 71 100
52 73 100
52 74 100
52 88 100
52 96 100
52 99 100
53 26 100
53 38 100
53 39 100
53 42 100
53 51 100
53 55 100
53 59 100
53 64 100
53 79 100
54 11 100
54 15 100
54 38 100
54 74 100
54 88 100
54 94 100
54 98 100
55 38 100
55 41 100
55 42 100
55 53 100
55 61 100
55 78 100
55 82 100
55 87 100
55 93 100
55 98 100
56 8 100
56 22 100
56 27 100
56 29 100
56 77 100
56 98 100
57 5 100
57 17 100
57 21 100
57 25 100
57 27 100
57 33 100
57 42 100
57 45 100
57 49 100
57 63 100
57 68 100
57 79 100
57 84 100
57 88 100
57 92 100
57 96 100
58 9 100
58 13 100
58 32 100
58 37 100
58 72 100
58 76 100
58 87 100
59 4 100
59 14 100
59 20 100
59 33 100
59 41 100
59 53 100
59 82 100
59 83 100
60 9 100
60 10 100
60 13 100
60 18 100
60 35 100
60 39 100
60 46 100
60 66 100
60 68 100
60 79 100
60 82 100
60 92 100
60 93 100
61 46 100
61 55 100
61 72 100
61 73 100
61 82 100
61 83 100
61 91 100
62 4 100
62 13 100
62 14 100
62 27 100
62 28 100
62 43 100
62 48 100
62 50 100
62 52 100
62 67 100
62 78 100
62 82 100
62 85 100
62 94 100
63 1 100
63 7 100
63 11 100
63 28 100
63 34 100
63 46 100
63 57 100
63 64 100
63 66 100
63 83 100
63 95 100
64 18 100
64 42 100
64 53 100
64 63 100
64 72 100
64 75 100
64 87 100
64 91 100
64 92 100
65 4 100
65 15 100
65 17 100
65 27 100
65 30 100
65 76 100
65 77 100
65 79 100
65 83 100
65 90 100
65 96 100
66 13 100
66 46 100
66 60 100
66 63 100
66 81 100
67 7 100
67 12 100
67 31 100
67 33 100
67 34 100
67 62 100
67 73 100
67 75 100
67 80 100
68 2 100
68 23 100
68 27 100
68 52 100
68 57 100
68 60 100
68 76 100
68 78 100
68 91 100
68 93 100
69 25 100
69 34 100
69 40 100
69 43 100
69 48 100
69 74 100
69 83 100
69 96 100
70 1 100
70 4 100
70 9 100
70 12 100
70 26 100
70 31 100
70 75 100
71 12 100
71 19 100
71 22 100
71 33 100
71 42 100
71 52 100
71 76 100
71 77 100
71 96 100
72 3 100
72 5 100
72 14 100
72 27 100
72 58 100
72 61 100
72 64 100
72 76 100
72 78 100
72 97 100
72 98 100
73 49 100
73 52 100
73 61 100
73 67 100
73 94 100
74 2 100
74 15 100
74 23 100
74 32 100
74 35 100
74 38 100
74 40 100
74 52 100
74 54 100
74 69 100
74 75 100
74 83 100
74 95 100
75 34 100
75 64 100
75 67 100
75 70 100
75 74 100
75 76 100
75 77 100
75 81 100
75 95 100
76 1 100
76 16 100
76 17 100
76 25 100
76 29 100
76 32 100
76 36 100
76 39 100
76 51 100
76 58 100
76 65 100
76 68 100
76 71 100
76 72 100
76 75 100
76 80 100
76 83 100
76 84 100
77 9 100
77 13 100
77 30 100
77 40 100
77 50 100
77 56 100
77 65 100
77 71 100
77 75 100
77 84 100
77 87 100
77 99 100
78 27 100
78 31 100
78 44 100
78 51 100
78 55 100
78 62 100
78 68 100
78 72 100
78 82 100
78 83 100
78 93 100
79 14 100
79 33 100
79 35 100
79 36 100
79 39 100
79 53 100
79 57 100
79 60 100
79 65 100
79 89 100
79 97 100
80 3 100
80 10 100
80 39 100
80 67 100
80 76 100
80 84 100
80 89 100
80 99 100
81 7 100
81 11 100
81 32 100
81 45 100
81 66 100
81 75 100
82 2 100
82 45 100
82 51 100
82 55 100
82 59 100
82 60 100
82 61 100
82 62 100
82 78 100
83 11 100
83 24 100
83 27 100
83 29 100
83 36 100
83 38 100
83 41 100
83 59 100
83 61 100
83 63 100
83 65 100
83 69 100
83 74 100
83 76 100
83 78 100
84 5 100
84 17 100
84 29 100
84 37 100
84 57 100
84 76 100
84 77 100
84 80 100
84 88 100
85 2 100
85 5 100
85 22 100
85 23 100
85 31 100
85 62 100
85 86 100
86 12 100
86 13 100
86 16 100
86 17 100
86 23 100
86 26 100
86 40 100
86 85 100
86 87 100
87 6 100
87 10 100
87 13 100
87 20 100
87 32 100
87 35 100
87 38 100
87 39 100
87 41 100
87 47 100
87 50 100
87 55 100
87 58 100
87 64 100
87 77 100
87 86 100
87 89 100
87 98 100
88 4 100
88 35 100
88 43 100
88 48 100
88 52 100
88 54 100
88 57 100
88 84 100
89 1 100
89 15 100
89 20 100
89 24 100
89 27 100
89 32 100
89 51 100
89 79 100
89 80 100
89 87 100
89 95 100
89 99 100
90 1 100
90 6 100
90 24 100
90 26 100
90 28 100
90 40 100
90 48 100
90 51 100
90 65 100
90 91 100
90 93 100
91 1 100
91 23 100
91 29 100
91 32 100
91 38 100
91 50 100
91 61 100
91 64 100
91 68 100
91 90 100
91 99 100
92 6 100
92 45 100
92 46 100
92 47 100
92 57 100
92 60 100
92 64 100
92 94 100
93 1 100
93 5 100
93 7 100
93 12 100
93 23 100
93 34 100
93 42 100
93 49 100
93 51 100
93 55 100
93 60 100
93 68 100
93 78 100
93 90 100
94 6 100
94 30 100
94 36 100
94 37 100
94 45 100
94 54 100
94 62 100
94 73 100
94 92 100
95 3 100
95 6 100
95 8 100
95 9 100
95 11 100
95 25 100
95 38 100
95 45 100
95 46 100
95 63 100
95 74 100
95 75 100
95 89 100
96 5 100
96 6 100
96 43 100
96 47 100
96 49 100
96 52 100
96 57 100
96 65 100
96 69 100
96 71 100
97 8 100
97 24 100
97 26 100
97 29 100
97 30 100
97 72 100
97 79 100
97 98 100
97 99 100
98 22 100
98 37 100
98 51 100
98 54 100
98 55 100
98 56 100
98 72 100
98 87 100
98 97 100
12 t 100
17 t 100
18 t 100
21 t 100
23 t 100
32 t 100
52 t 100
77 t 100
80 t 100
89 t 100
91 t 100
97 t 100
