s 1 100
s 2 100
s 4 100
s 7 100
s 9 100
s 10 100
s 11 100
s 16 100
s 18 100
s 20 100
s 21 100
s 24 100
s 27 100
s 33 100
s 34 100
s 36 100
s 38 100
s 41 100
s 44 100
s 45 100
s 48 100
s 49 100
s 54 100
s 55 100
s 56 100
s 60 100
s 62 100
s 63 100
s 64 100
s 67 100
s 69 100
s 72 100
s 73 100
s 74 100
s 75 100
s 77 100
s 80 100
s 81 100
s 82 100
s 83 100
s 84 100
s 90 100
s 91 100
s 93 100
s 94 100
s 95 100
s 97 100
s 98 100
1 2 100
1 3 100
1 4 100
1 6 100
1 7 100
1 8 100
1 10 100
1 11 100
1 13 100
1 15 100
1 16 100
1 18 100
1 21 100
1 25 100
1 27 100
1 28 100
1 31 100
1 34 100
1 36 100
1 37 100
1 39 100
1 40 100
1 41 100
1 43 100
1 44 100
1 45 100
1 49 100
1 51 100
1 52 100
1 53 100
1 55 100
1 57 100
1 58 100
1 60 100
1 62 100
1 63 100
1 64 100
1 65 100
1 66 100
1 67 100
1 69 100
1 71 100
1 72 100
1 76 100
1 77 100
1 79 100
1 80 100
1 81 100
1 82 100
1 84 100
1 86 100
1 87 100
1 88 100
1 89 100
1 91 100
1 92 100
1 93 100
1 94 100
1 96 100
1 97 100
1 98 100
1 99 100
2 1 100
2 3 100
2 5 100
2 8 100
2 10 100
2 13 100
2 15 100
2 18 100
2 20 100
2 24 100
2 25 100
2 37 100
2 38 100
2 41 100
2 42 100
2 45 100
2 48 100
2 50 100
2 52 100
2 57 100
2 58 100
2 60 100
2 63 100
2 65 100
2 67 100
2 69 100
2 70 100
2 71 100
2 78 100
2 79 100
2 80 100
2 84 100
2 86 100
2 89 100
2 93 100
2 94 100
2 96 100
2 98 100
3 1 100
3 2 100
3 4 100
3 6 100
3 7 100
3 9 100
3 10 100
3 12 100
3 15 100
3 16 100
3 17 100
3 19 100
3 22 100
3 24 100
3 29 100
3 30 100
3 31 100
3 32 100
3 34 100
3 36 100
3 38 100
3 39 100
3 40 100
3 41 100
3 44 100
3 47 100
3 49 100
3 51 100
3 52 100
3 53 100
3 54 100
3 56 100
3 58 100
3 60 100
3 62 100
3 66 100
3 67 100
3 69 100
3 70 100
3 73 100
3 74 100
3 76 100
3 77 100
3 79 100
3 81 100
3 85 100
3 86 100
3 87 100
3 88 100
3 90 100
3 92 100
4 1 100
4 3 100
4 5 100
4 7 100
4 8 100
4 9 100
4 10 100
4 11 100
4 13 100
4 14 100
4 15 100
4 16 100
4 17 100
4 19 100
4 26 100
4 30 100
4 31 100
4 32 100
4 35 100
4 36 100
4 38 100
4 39 100
4 41 100
4 42 100
4 45 100
4 47 100
4 48 100
4 49 100
4 50 100
4 51 100
4 53 100
4 55 100
4 57 100
4 58 100
4 60 100
4 61 100
4 64 100
4 66 100
4 69 100
4 70 100
4 73 100
4 75 100
4 76 100
4 78 100
4 79 100
4 80 100
4 84 100
4 85 100
4 87 100
4 88 100
4 89 100
4 94 100
4 98 100
4 99 100
5 2 100
5 4 100
5 11 100
5 12 100
5 13 100
5 15 100
5 16 100
5 17 100
5 18 100
5 19 100
5 26 100
5 29 100
5 31 100
5 32 100
5 33 100
5 39 100
5 40 100
5 43 100
5 44 100
5 49 100
5 51 100
5 52 100
5 53 100
5 55 100
5 58 100
5 59 100
5 64 100
5 65 100
5 66 100
5 67 100
5 69 100
5 71 100
5 72 100
5 75 100
5 76 100
5 77 100
5 80 100
5 85 100
5 86 100
5 87 100
5 93 100
5 94 100
5 97 100
5 98 100
5 99 100
6 1 100
6 3 100
6 9 100
6 11 100
6 13 100
6 14 100
6 17 100
6 18 100
6 19 100
6 20 100
6 23 100
6 26 100
6 28 100
6 29 100
6 30 100
6 32 100
6 35 100
6 37 100
6 39 100
6 40 100
6 41 100
6 43 100
6 44 100
6 46 100
6 48 100
6 49 100
6 50 100
6 52 100
6 54 100
6 55 100
6 56 100
6 57 100
6 62 100
6 63 100
6 76 100
6 78 100
6 80 100
6 81 100
6 82 100
6 84 100
6 85 100
6 86 100
6 87 100
6 90 100
6 91 100
6 92 100
6 94 100
6 95 100
6 98 100
7 1 100
7 3 100
7 4 100
7 11 100
7 12 100
7 13 100
7 15 100
7 16 100
7 17 100
7 18 100
7 19 100
7 21 100
7 27 100
7 30 100
7 31 100
7 33 100
7 34 100
7 35 100
7 40 100
7 41 100
7 46 100
7 47 100
7 48 100
7 57 100
7 59 100
7 64 100
7 66 100
7 67 100
7 69 100
7 70 100
7 72 100
7 75 100
7 77 100
7 79 100
7 81 100
7 82 100
7 83 100
7 85 100
7 87 100
7 88 100
7 96 100
7 98 100
8 1 100
8 2 100
8 4 100
8 11 100
8 13 100
8 14 100
8 15 100
8 18 100
8 19 100
8 22 100
8 24 100
8 26 100
8 27 100
8 29 100
8 32 100
8 35 100
8 37 100
8 39 100
8 43 100
8 44 100
8 46 100
8 48 100
8 54 100
8 55 100
8 56 100
8 58 100
8 62 100
8 66 100
8 68 100
8 69 100
8 70 100
8 71 100
8 72 100
8 73 100
8 74 100
8 75 100
8 76 100
8 78 100
8 79 100
8 83 100
8 85 100
8 86 100
8 87 100
8 91 100
8 92 100
8 93 100
8 94 100
8 98 100
9 3 100
9 4 100
9 6 100
9 12 100
9 14 100
9 15 100
9 16 100
9 17 100
9 20 100
9 22 100
9 23 100
9 25 100
9 27 100
9 29 100
9 39 100
9 40 100
9 42 100
9 45 100
9 49 100
9 52 100
9 55 100
9 59 100
9 61 100
9 62 100
9 67 100
9 68 100
9 74 100
9 75 100
9 79 100
9 80 100
9 81 100
9 83 100
9 84 100
9 87 100
9 92 100
9 94 100
9 95 100
9 96 100
9 97 100
9 99 100
10 1 100
10 2 100
10 3 100
10 4 100
10 11 100
10 12 100
10 13 100
10 14 100
10 15 100
10 18 100
10 19 100
10 20 100
10 21 100
10 22 100
10 25 100
10 27 100
10 28 100
10 30 100
10 32 100
10 35 100
10 36 100
10 37 100
10 39 100
10 40 100
10 41 100
10 46 100
10 49 100
10 50 100
10 51 100
10 52 100
10 53 100
10 61 100
10 63 100
10 65 100
10 73 100
10 74 100
10 75 100
10 76 100
10 78 100
10 79 100
10 81 100
10 82 100
10 83 100
10 85 100
10 87 100
10 88 100
10 90 100
10 92 100
10 94 100
10 96 100
10 97 100
11 1 100
11 4 100
11 5 100
11 6 100
11 7 100
11 8 100
11 10 100
11 12 100
11 13 100
11 16 100
11 17 100
11 18 100
11 21 100
11 24 100
11 25 100
11 27 100
11 30 100
11 36 100
11 41 100
11 42 100
11 43 100
11 44 100
11 46 100
11 47 100
11 48 100
11 50 100
11 52 100
11 53 100
11 55 100
11 59 100
11 62 100
11 64 100
11 65 100
11 67 100
11 68 100
11 71 100
11 72 100
11 77 100
11 78 100
11 79 100
11 85 100
11 88 100
11 89 100
11 91 100
11 98 100
12 3 100
12 5 100
12 7 100
12 9 100
12 10 100
12 11 100
12 14 100
12 17 100
12 19 100
12 21 100
12 26 100
12 28 100
12 29 100
12 30 100
12 32 100
12 33 100
12 35 100
12 37 100
12 39 100
12 42 100
12 44 100
12 46 100
12 47 100
12 51 100
12 53 100
12 54 100
12 57 100
12 58 100
12 61 100
12 63 100
12 64 100
12 65 100
12 67 100
12 68 100
12 69 100
12 71 100
12 72 100
12 74 100
12 75 100
12 76 100
12 77 100
12 78 100
12 79 100
12 84 100
12 86 100
12 87 100
12 88 100
12 90 100
12 92 100
12 94 100
12 95 100
12 96 100
12 97 100
13 1 100
13 2 100
13 4 100
13 5 100
13 6 100
13 7 100
13 8 100
13 10 100
13 11 100
13 14 100
13 15 100
13 17 100
13 21 100
13 24 100
13 25 100
13 26 100
13 33 100
13 35 100
13 37 100
13 40 100
13 41 100
13 47 100
13 49 100
13 50 100
13 51 100
13 53 100
13 54 100
13 57 100
13 59 100
13 62 100
13 64 100
13 67 100
13 68 100
13 69 100
13 70 100
13 71 100
13 72 100
13 75 100
13 79 100
13 81 100
13 82 100
13 84 100
13 87 100
13 94 100
13 95 100
13 96 100
13 97 100
14 4 100
14 6 100
14 8 100
14 9 100
14 10 100
14 12 100
14 13 100
14 15 100
14 16 100
14 22 100
14 24 100
14 26 100
14 27 100
14 28 100
14 33 100
14 38 100
14 39 100
14 41 100
14 42 100
14 43 100
14 47 100
14 48 100
14 51 100
14 52 100
14 53 100
14 54 100
14 61 100
14 64 100
14 66 100
14 67 100
14 68 100
14 69 100
14 72 100
14 73 100
14 74 100
14 76 100
14 77 100
14 78 100
14 79 100
14 81 100
14 87 100
14 88 100
14 89 100
14 90 100
14 94 100
14 95 100
14 97 100
14 99 100
15 1 100
15 2 100
15 3 100
15 4 100
15 5 100
15 7 100
15 8 100
15 9 100
15 10 100
15 13 100
15 14 100
15 16 100
15 21 100
15 22 100
15 23 100
15 25 100
15 26 100
15 27 100
15 29 100
15 30 100
15 31 100
15 33 100
15 34 100
15 36 100
15 37 100
15 39 100
15 40 100
15 41 100
15 43 100
15 47 100
15 48 100
15 57 100
15 58 100
15 59 100
15 60 100
15 65 100
15 66 100
15 68 100
15 70 100
15 72 100
15 73 100
15 74 100
15 75 100
15 76 100
15 79 100
15 80 100
15 81 100
15 84 100
15 87 100
15 93 100
15 99 100
16 1 100
16 3 100
16 4 100
16 5 100
16 7 100
16 9 100
16 11 100
16 14 100
16 15 100
16 17 100
16 20 100
16 26 100
16 30 100
16 34 100
16 35 100
16 37 100
16 38 100
16 39 100
16 42 100
16 46 100
16 51 100
16 52 100
16 54 100
16 62 100
16 65 100
16 66 100
16 67 100
16 71 100
16 72 100
16 75 100
16 76 100
16 79 100
16 80 100
16 83 100
16 85 100
16 86 100
16 90 100
16 93 100
16 94 100
16 95 100
16 96 100
16 98 100
17 3 100
17 4 100
17 5 100
17 6 100
17 7 100
17 9 100
17 11 100
17 12 100
17 13 100
17 16 100
17 18 100
17 19 100
17 21 100
17 22 100
17 23 100
17 24 100
17 25 100
17 26 100
17 30 100
17 32 100
17 34 100
17 37 100
17 40 100
17 41 100
17 42 100
17 43 100
17 46 100
17 47 100
17 49 100
17 51 100
17 53 100
17 57 100
17 58 100
17 61 100
17 63 100
17 65 100
17 66 100
17 67 100
17 68 100
17 69 100
17 71 100
17 74 100
17 78 100
17 79 100
17 80 100
17 81 100
17 85 100
17 86 100
17 87 100
17 89 100
17 90 100
17 91 100
17 92 100
17 93 100
17 98 100
17 99 100
18 1 100
18 2 100
18 5 100
18 6 100
18 7 100
18 8 100
18 10 100
18 11 100
18 17 100
18 19 100
18 21 100
18 24 100
18 26 100
18 27 100
18 28 100
18 29 100
18 30 100
18 32 100
18 33 100
18 35 100
18 39 100
18 40 100
18 41 100
18 44 100
18 46 100
18 47 100
18 48 100
18 50 100
18 51 100
18 52 100
18 56 100
18 58 100
18 61 100
18 62 100
18 66 100
18 68 100
18 69 100
18 72 100
18 73 100
18 79 100
18 80 100
18 81 100
18 82 100
18 84 100
18 85 100
18 87 100
18 90 100
18 91 100
18 93 100
18 96 100
18 98 100
18 99 100
19 3 100
19 4 100
19 5 100
19 6 100
19 7 100
19 8 100
19 10 100
19 12 100
19 17 100
19 18 100
19 20 100
19 21 100
19 24 100
19 25 100
19 27 100
19 28 100
19 29 100
19 30 100
19 31 100
19 32 100
19 36 100
19 37 100
19 38 100
19 39 100
19 43 100
19 46 100
19 47 100
19 50 100
19 51 100
19 53 100
19 54 100
19 56 100
19 58 100
19 62 100
19 64 100
19 65 100
19 66 100
19 67 100
19 69 100
19 70 100
19 72 100
19 74 100
19 75 100
19 80 100
19 82 100
19 83 100
19 84 100
19 87 100
19 91 100
19 96 100
19 97 100
19 98 100
20 2 100
20 6 100
20 9 100
20 10 100
20 16 100
20 19 100
20 21 100
20 23 100
20 24 100
20 27 100
20 29 100
20 32 100
20 33 100
20 35 100
20 39 100
20 42 100
20 44 100
20 48 100
20 50 100
20 52 100
20 53 100
20 54 100
20 59 100
20 60 100
20 61 100
20 63 100
20 66 100
20 67 100
20 68 100
20 73 100
20 74 100
20 75 100
20 78 100
20 84 100
20 88 100
20 90 100
20 91 100
20 92 100
20 93 100
20 96 100
21 1 100
21 7 100
21 10 100
21 11 100
21 12 100
21 13 100
21 15 100
21 17 100
21 18 100
21 19 100
21 20 100
21 22 100
21 23 100
21 24 100
21 27 100
21 28 100
21 29 100
21 30 100
21 32 100
21 33 100
21 35 100
21 37 100
21 39 100
21 41 100
21 43 100
21 44 100
21 45 100
21 46 100
21 48 100
21 49 100
21 50 100
21 58 100
21 59 100
21 62 100
21 65 100
21 66 100
21 67 100
21 69 100
21 70 100
21 71 100
21 73 100
21 74 100
21 75 100
21 77 100
21 78 100
21 79 100
21 84 100
21 85 100
21 91 100
21 93 100
21 96 100
22 3 100
22 8 100
22 9 100
22 10 100
22 14 100
22 15 100
22 17 100
22 21 100
22 23 100
22 24 100
22 25 100
22 26 100
22 27 100
22 28 100
22 29 100
22 30 100
22 32 100
22 33 100
22 34 100
22 36 100
22 37 100
22 38 100
22 42 100
22 44 100
22 47 100
22 48 100
22 54 100
22 55 100
22 57 100
22 58 100
22 59 100
22 61 100
22 66 100
22 67 100
22 70 100
22 71 100
22 75 100
22 77 100
22 80 100
22 81 100
22 82 100
22 83 100
22 84 100
22 85 100
22 88 100
22 89 100
22 93 100
22 94 100
22 96 100
22 97 100
22 98 100
22 99 100
23 6 100
23 9 100
23 15 100
23 17 100
23 20 100
23 21 100
23 22 100
23 24 100
23 25 100
23 26 100
23 28 100
23 30 100
23 31 100
23 33 100
23 36 100
23 37 100
23 38 100
23 39 100
23 40 100
23 43 100
23 44 100
23 47 100
23 48 100
23 49 100
23 50 100
23 51 100
23 54 100
23 56 100
23 59 100
23 62 100
23 63 100
23 64 100
23 65 100
23 67 100
23 68 100
23 72 100
23 73 100
23 74 100
23 76 100
23 77 100
23 78 100
23 82 100
23 84 100
23 86 100
23 89 100
23 91 100
23 93 100
23 96 100
23 97 100
24 2 100
24 3 100
24 8 100
24 11 100
24 13 100
24 14 100
24 17 100
24 18 100
24 19 100
24 20 100
24 21 100
24 22 100
24 23 100
24 25 100
24 27 100
24 31 100
24 32 100
24 34 100
24 36 100
24 38 100
24 41 100
24 43 100
24 45 100
24 48 100
24 49 100
24 50 100
24 51 100
24 53 100
24 56 100
24 57 100
24 59 100
24 60 100
24 61 100
24 65 100
24 68 100
24 70 100
24 76 100
24 78 100
24 79 100
24 82 100
24 83 100
24 86 100
24 89 100
24 91 100
24 92 100
24 93 100
24 95 100
24 96 100
24 97 100
25 1 100
25 2 100
25 9 100
25 10 100
25 11 100
25 13 100
25 15 100
25 17 100
25 19 100
25 22 100
25 23 100
25 24 100
25 26 100
25 27 100
25 30 100
25 31 100
25 33 100
25 36 100
25 37 100
25 41 100
25 43 100
25 46 100
25 47 100
25 48 100
25 49 100
25 50 100
25 51 100
25 54 100
25 59 100
25 61 100
25 62 100
25 63 100
25 65 100
25 68 100
25 70 100
25 73 100
25 74 100
25 79 100
25 82 100
25 83 100
25 85 100
25 87 100
25 88 100
25 94 100
25 96 100
25 97 100
25 98 100
26 4 100
26 5 100
26 6 100
26 8 100
26 12 100
26 13 100
26 14 100
26 15 100
26 16 100
26 17 100
26 18 100
26 22 100
26 23 100
26 25 100
26 27 100
26 28 100
26 29 100
26 32 100
26 33 100
26 34 100
26 35 100
26 36 100
26 37 100
26 38 100
26 40 100
26 41 100
26 42 100
26 44 100
26 46 100
26 47 100
26 51 100
26 52 100
26 54 100
26 58 100
26 59 100
26 63 100
26 65 100
26 68 100
26 69 100
26 70 100
26 71 100
26 75 100
26 76 100
26 77 100
26 78 100
26 81 100
26 83 100
26 85 100
26 87 100
26 90 100
26 93 100
26 94 100
26 96 100
26 99 100
27 1 100
27 7 100
27 8 100
27 9 100
27 10 100
27 11 100
27 14 100
27 15 100
27 18 100
27 19 100
27 20 100
27 21 100
27 22 100
27 24 100
27 25 100
27 26 100
27 28 100
27 32 100
27 33 100
27 35 100
27 37 100
27 38 100
27 39 100
27 42 100
27 44 100
27 45 100
27 47 100
27 53 100
27 54 100
27 56 100
27 59 100
27 60 100
27 61 100
27 63 100
27 65 100
27 66 100
27 67 100
27 68 100
27 71 100
27 73 100
27 74 100
27 77 100
27 79 100
27 80 100
27 83 100
27 84 100
27 85 100
27 86 100
27 88 100
27 89 100
27 90 100
27 92 100
27 94 100
27 95 100
27 96 100
27 98 100
27 99 100
28 1 100
28 6 100
28 10 100
28 12 100
28 14 100
28 18 100
28 19 100
28 21 100
28 22 100
28 23 100
28 26 100
28 27 100
28 29 100
28 31 100
28 32 100
28 36 100
28 37 100
28 39 100
28 40 100
28 43 100
28 46 100
28 49 100
28 50 100
28 52 100
28 54 100
28 59 100
28 61 100
28 63 100
28 64 100
28 66 100
28 70 100
28 71 100
28 73 100
28 76 100
28 78 100
28 83 100
28 84 100
28 87 100
28 89 100
28 90 100
28 94 100
28 97 100
29 3 100
29 5 100
29 6 100
29 8 100
29 9 100
29 12 100
29 15 100
29 18 100
29 19 100
29 20 100
29 21 100
29 22 100
29 26 100
29 28 100
29 30 100
29 31 100
29 34 100
29 35 100
29 36 100
29 38 100
29 42 100
29 44 100
29 45 100
29 46 100
29 47 100
29 48 100
29 49 100
29 53 100
29 56 100
29 58 100
29 59 100
29 60 100
29 61 100
29 62 100
29 63 100
29 65 100
29 66 100
29 68 100
29 69 100
29 70 100
29 71 100
29 72 100
29 74 100
29 79 100
29 82 100
29 84 100
29 86 100
29 87 100
29 90 100
29 93 100
29 97 100
30 3 100
30 4 100
30 6 100
30 7 100
30 10 100
30 11 100
30 12 100
30 15 100
30 16 100
30 17 100
30 18 100
30 19 100
30 21 100
30 22 100
30 23 100
30 25 100
30 29 100
30 31 100
30 34 100
30 36 100
30 38 100
30 42 100
30 44 100
30 50 100
30 51 100
30 54 100
30 56 100
30 57 100
30 58 100
30 60 100
30 64 100
30 67 100
30 68 100
30 71 100
30 74 100
30 77 100
30 79 100
30 80 100
30 88 100
30 90 100
30 91 100
30 95 100
30 96 100
30 97 100
30 98 100
30 99 100
31 1 100
31 3 100
31 4 100
31 5 100
31 7 100
31 15 100
31 19 100
31 23 100
31 24 100
31 25 100
31 28 100
31 29 100
31 30 100
31 32 100
31 34 100
31 36 100
31 38 100
31 39 100
31 40 100
31 42 100
31 43 100
31 46 100
31 47 100
31 49 100
31 51 100
31 54 100
31 55 100
31 56 100
31 59 100
31 60 100
31 63 100
31 64 100
31 65 100
31 66 100
31 67 100
31 68 100
31 69 100
31 70 100
31 71 100
31 72 100
31 77 100
31 79 100
31 80 100
31 82 100
31 84 100
31 86 100
31 88 100
31 91 100
31 94 100
31 96 100
31 97 100
31 98 100
31 99 100
32 3 100
32 4 100
32 5 100
32 6 100
32 8 100
32 10 100
32 12 100
32 17 100
32 18 100
32 19 100
32 20 100
32 21 100
32 22 100
32 24 100
32 26 100
32 27 100
32 28 100
32 31 100
32 35 100
32 36 100
32 37 100
32 38 100
32 39 100
32 47 100
32 48 100
32 51 100
32 52 100
32 54 100
32 57 100
32 60 100
32 61 100
32 62 100
32 63 100
32 65 100
32 68 100
32 71 100
32 73 100
32 74 100
32 77 100
32 82 100
32 83 100
32 86 100
32 88 100
32 91 100
32 92 100
33 5 100
33 7 100
33 12 100
33 13 100
33 14 100
33 15 100
33 18 100
33 20 100
33 21 100
33 22 100
33 23 100
33 25 100
33 26 100
33 27 100
33 37 100
33 40 100
33 41 100
33 42 100
33 43 100
33 46 100
33 48 100
33 49 100
33 50 100
33 51 100
33 52 100
33 54 100
33 58 100
33 62 100
33 63 100
33 68 100
33 70 100
33 72 100
33 75 100
33 81 100
33 82 100
33 84 100
33 85 100
33 87 100
33 88 100
33 90 100
33 94 100
33 95 100
33 97 100
33 98 100
33 99 100
34 1 100
34 3 100
34 7 100
34 15 100
34 16 100
34 17 100
34 22 100
34 24 100
34 26 100
34 29 100
34 30 100
34 31 100
34 35 100
34 37 100
34 38 100
34 39 100
34 40 100
34 41 100
34 45 100
34 46 100
34 47 100
34 49 100
34 51 100
34 54 100
34 55 100
34 56 100
34 57 100
34 59 100
34 60 100
34 61 100
34 65 100
34 66 100
34 67 100
34 68 100
34 71 100
34 75 100
34 76 100
34 78 100
34 80 100
34 81 100
34 83 100
34 85 100
34 87 100
34 88 100
34 90 100
34 92 100
34 94 100
34 97 100
35 4 100
35 6 100
35 7 100
35 8 100
35 10 100
35 12 100
35 13 100
35 16 100
35 18 100
35 20 100
35 21 100
35 26 100
35 27 100
35 29 100
35 32 100
35 34 100
35 36 100
35 38 100
35 40 100
35 41 100
35 43 100
35 45 100
35 46 100
35 47 100
35 51 100
35 52 100
35 53 100
35 54 100
35 58 100
35 59 100
35 62 100
35 63 100
35 64 100
35 66 100
35 68 100
35 69 100
35 70 100
35 75 100
35 76 100
35 77 100
35 78 100
35 80 100
35 82 100
35 83 100
35 85 100
35 88 100
35 89 100
35 90 100
35 91 100
35 93 100
35 95 100
36 1 100
36 3 100
36 4 100
36 10 100
36 11 100
36 15 100
36 19 100
36 22 100
36 23 100
36 24 100
36 25 100
36 26 100
36 28 100
36 29 100
36 30 100
36 31 100
36 32 100
36 35 100
36 37 100
36 39 100
36 43 100
36 44 100
36 46 100
36 47 100
36 48 100
36 52 100
36 54 100
36 55 100
36 56 100
36 58 100
36 60 100
36 61 100
36 62 100
36 64 100
36 65 100
36 66 100
36 67 100
36 75 100
36 76 100
36 77 100
36 78 100
36 79 100
36 80 100
36 81 100
36 83 100
36 86 100
36 89 100
36 90 100
36 93 100
36 96 100
37 1 100
37 2 100
37 6 100
37 8 100
37 10 100
37 12 100
37 13 100
37 15 100
37 16 100
37 17 100
37 19 100
37 21 100
37 22 100
37 23 100
37 25 100
37 26 100
37 27 100
37 28 100
37 32 100
37 33 100
37 34 100
37 36 100
37 40 100
37 41 100
37 43 100
37 44 100
37 45 100
37 46 100
37 47 100
37 50 100
37 51 100
37 52 100
37 53 100
37 58 100
37 60 100
37 61 100
37 62 100
37 63 100
37 64 100
37 65 100
37 67 100
37 68 100
37 71 100
37 73 100
37 74 100
37 75 100
37 77 100
37 79 100
37 84 100
37 86 100
37 87 100
37 88 100
37 91 100
37 95 100
38 2 100
38 3 100
38 4 100
38 14 100
38 16 100
38 19 100
38 22 100
38 23 100
38 24 100
38 26 100
38 27 100
38 29 100
38 30 100
38 31 100
38 32 100
38 34 100
38 35 100
38 39 100
38 40 100
38 42 100
38 47 100
38 49 100
38 50 100
38 56 100
38 58 100
38 60 100
38 61 100
38 65 100
38 67 100
38 69 100
38 70 100
38 71 100
38 73 100
38 74 100
38 78 100
38 79 100
38 86 100
38 88 100
38 89 100
38 90 100
38 92 100
38 94 100
38 95 100
38 98 100
38 99 100
39 1 100
39 3 100
39 4 100
39 5 100
39 6 100
39 8 100
39 9 100
39 10 100
39 12 100
39 14 100
39 15 100
39 16 100
39 18 100
39 19 100
39 20 100
39 21 100
39 23 100
39 27 100
39 28 100
39 31 100
39 32 100
39 34 100
39 36 100
39 38 100
39 44 100
39 46 100
39 48 100
39 49 100
39 50 100
39 51 100
39 56 100
39 57 100
39 58 100
39 59 100
39 60 100
39 62 100
39 64 100
39 70 100
39 71 100
39 72 100
39 73 100
39 74 100
39 75 100
39 76 100
39 77 100
39 78 100
39 79 100
39 82 100
39 87 100
39 88 100
39 90 100
39 91 100
39 92 100
39 94 100
39 98 100
40 1 100
40 3 100
40 5 100
40 6 100
40 7 100
40 9 100
40 10 100
40 13 100
40 15 100
40 17 100
40 18 100
40 23 100
40 26 100
40 28 100
40 31 100
40 33 100
40 34 100
40 35 100
40 37 100
40 38 100
40 41 100
40 47 100
40 48 100
40 53 100
40 54 100
40 57 100
40 58 100
40 59 100
40 60 100
40 65 100
40 66 100
40 68 100
40 69 100
40 71 100
40 73 100
40 74 100
40 76 100
40 77 100
40 82 100
40 89 100
40 95 100
40 98 100
40 99 100
41 1 100
41 2 100
41 3 100
41 4 100
41 6 100
41 7 100
41 10 100
41 11 100
41 13 100
41 14 100
41 15 100
41 17 100
41 18 100
41 21 100
41 24 100
41 25 100
41 26 100
41 33 100
41 34 100
41 35 100
41 37 100
41 40 100
41 42 100
41 44 100
41 48 100
41 49 100
41 50 100
41 51 100
41 52 100
41 54 100
41 56 100
41 57 100
41 59 100
41 60 100
41 61 100
41 62 100
41 63 100
41 64 100
41 65 100
41 66 100
41 67 100
41 69 100
41 70 100
41 71 100
41 74 100
41 77 100
41 78 100
41 79 100
41 82 100
41 85 100
41 86 100
41 91 100
41 92 100
41 93 100
41 94 100
41 95 100
41 99 100
42 2 100
42 4 100
42 9 100
42 11 100
42 12 100
42 14 100
42 16 100
42 17 100
42 20 100
42 22 100
42 26 100
42 27 100
42 29 100
42 30 100
42 31 100
42 33 100
42 38 100
42 41 100
42 43 100
42 47 100
42 48 100
42 50 100
42 51 100
42 55 100
42 57 100
42 58 100
42 60 100
42 61 100
42 62 100
42 63 100
42 64 100
42 68 100
42 71 100
42 72 100
42 74 100
42 75 100
42 76 100
42 78 100
42 79 100
42 80 100
42 81 100
42 82 100
42 84 100
42 85 100
42 86 100
42 87 100
42 88 100
42 89 100
42 90 100
42 92 100
42 94 100
43 1 100
43 5 100
43 6 100
43 8 100
43 11 100
43 14 100
43 15 100
43 17 100
43 19 100
43 21 100
43 23 100
43 24 100
43 25 100
43 28 100
43 31 100
43 33 100
43 35 100
43 36 100
43 37 100
43 42 100
43 45 100
43 49 100
43 50 100
43 51 100
43 57 100
43 58 100
43 62 100
43 64 100
43 66 100
43 68 100
43 69 100
43 71 100
43 72 100
43 75 100
43 76 100
43 78 100
43 81 100
43 85 100
43 86 100
43 88 100
43 90 100
43 93 100
43 95 100
44 1 100
44 3 100
44 5 100
44 6 100
44 8 100
44 11 100
44 12 100
44 18 100
44 20 100
44 21 100
44 22 100
44 23 100
44 26 100
44 27 100
44 29 100
44 30 100
44 36 100
44 37 100
44 39 100
44 41 100
44 45 100
44 47 100
44 51 100
44 56 100
44 57 100
44 59 100
44 60 100
44 61 100
44 64 100
44 65 100
44 69 100
44 72 100
44 73 100
44 74 100
44 75 100
44 78 100
44 80 100
44 83 100
44 85 100
44 87 100
44 88 100
44 90 100
44 91 100
44 92 100
44 93 100
44 94 100
44 95 100
44 96 100
44 98 100
45 1 100
45 2 100
45 4 100
45 9 100
45 21 100
45 24 100
45 27 100
45 29 100
45 34 100
45 35 100
45 37 100
45 43 100
45 44 100
45 46 100
45 47 100
45 48 100
45 49 100
45 50 100
45 53 100
45 55 100
45 56 100
45 58 100
45 59 100
45 60 100
45 61 100
45 62 100
45 63 100
45 64 100
45 65 100
45 67 100
45 68 100
45 71 100
45 72 100
45 75 100
45 79 100
45 82 100
45 83 100
45 84 100
45 85 100
45 86 100
45 89 100
45 90 100
45 91 100
45 92 100
45 93 100
45 98 100
45 99 100
46 6 100
46 7 100
46 8 100
46 10 100
46 11 100
46 12 100
46 16 100
46 17 100
46 18 100
46 19 100
46 21 100
46 25 100
46 26 100
46 28 100
46 29 100
46 31 100
46 33 100
46 34 100
46 35 100
46 36 100
46 37 100
46 39 100
46 45 100
46 47 100
46 49 100
46 52 100
46 53 100
46 55 100
46 56 100
46 59 100
46 60 100
46 61 100
46 63 100
46 68 100
46 69 100
46 71 100
46 72 100
46 73 100
46 74 100
46 77 100
46 79 100
46 80 100
46 84 100
46 85 100
46 90 100
46 92 100
46 93 100
46 94 100
46 95 100
46 96 100
46 97 100
46 98 100
47 3 100
47 4 100
47 7 100
47 11 100
47 12 100
47 13 100
47 14 100
47 15 100
47 17 100
47 18 100
47 19 100
47 22 100
47 23 100
47 25 100
47 26 100
47 27 100
47 29 100
47 31 100
47 32 100
47 34 100
47 35 100
47 36 100
47 37 100
47 38 100
47 40 100
47 42 100
47 44 100
47 45 100
47 46 100
47 48 100
47 50 100
47 53 100
47 54 100
47 55 100
47 57 100
47 58 100
47 59 100
47 60 100
47 61 100
47 63 100
47 65 100
47 67 100
47 68 100
47 71 100
47 73 100
47 74 100
47 77 100
47 79 100
47 82 100
47 83 100
47 90 100
47 92 100
47 94 100
47 95 100
48 2 100
48 4 100
48 6 100
48 7 100
48 8 100
48 11 100
48 14 100
48 15 100
48 18 100
48 20 100
48 21 100
48 22 100
48 23 100
48 24 100
48 25 100
48 29 100
48 32 100
48 33 100
48 36 100
48 39 100
48 40 100
48 41 100
48 42 100
48 45 100
48 47 100
48 50 100
48 51 100
48 55 100
48 58 100
48 59 100
48 60 100
48 64 100
48 65 100
48 70 100
48 71 100
48 74 100
48 75 100
48 77 100
48 78 100
48 79 100
48 80 100
48 83 100
48 84 100
48 89 100
48 92 100
48 93 100
48 95 100
48 97 100
48 98 100
48 99 100
49 1 100
49 3 100
49 4 100
49 5 100
49 6 100
49 9 100
49 10 100
49 13 100
49 17 100
49 21 100
49 23 100
49 24 100
49 25 100
49 28 100
49 29 100
49 31 100
49 33 100
49 34 100
49 38 100
49 39 100
49 41 100
49 43 100
49 45 100
49 46 100
49 51 100
49 52 100
49 53 100
49 57 100
49 59 100
49 61 100
49 63 100
49 64 100
49 66 100
49 69 100
49 70 100
49 72 100
49 73 100
49 74 100
49 76 100
49 77 100
49 79 100
49 80 100
49 89 100
49 91 100
49 92 100
49 94 100
49 96 100
49 97 100
49 98 100
49 99 100
50 2 100
50 4 100
50 6 100
50 10 100
50 11 100
50 13 100
50 18 100
50 19 100
50 20 100
50 21 100
50 23 100
50 24 100
50 25 100
50 28 100
50 30 100
50 33 100
50 37 100
50 38 100
50 39 100
50 41 100
50 42 100
50 43 100
50 45 100
50 47 100
50 48 100
50 54 100
50 55 100
50 56 100
50 58 100
50 60 100
50 63 100
50 66 100
50 67 100
50 68 100
50 69 100
50 71 100
50 72 100
50 74 100
50 76 100
50 78 100
50 80 100
50 81 100
50 83 100
50 92 100
50 95 100
50 99 100
51 1 100
51 3 100
51 4 100
51 5 100
51 10 100
51 12 100
51 13 100
51 14 100
51 16 100
51 17 100
51 18 100
51 19 100
51 23 100
51 24 100
51 25 100
51 26 100
51 30 100
51 31 100
51 32 100
51 33 100
51 34 100
51 35 100
51 37 100
51 39 100
51 41 100
51 42 100
51 43 100
51 44 100
51 48 100
51 49 100
51 52 100
51 53 100
51 54 100
51 57 100
51 58 100
51 61 100
51 62 100
51 63 100
51 64 100
51 65 100
51 66 100
51 71 100
51 72 100
51 73 100
51 76 100
51 77 100
51 78 100
51 79 100
51 80 100
51 81 100
51 90 100
51 91 100
51 98 100
51 99 100
52 1 100
52 2 100
52 3 100
52 5 100
52 6 100
52 9 100
52 10 100
52 11 100
52 14 100
52 16 100
52 18 100
52 20 100
52 26 100
52 28 100
52 32 100
52 33 100
52 35 100
52 36 100
52 37 100
52 41 100
52 46 100
52 49 100
52 51 100
52 53 100
52 55 100
52 56 100
52 57 100
52 58 100
52 60 100
52 63 100
52 64 100
52 65 100
52 67 100
52 68 100
52 71 100
52 72 100
52 75 100
52 77 100
52 80 100
52 81 100
52 82 100
52 83 100
52 87 100
52 89 100
52 91 100
52 92 100
52 93 100
52 94 100
52 98 100
53 1 100
53 3 100
53 4 100
53 5 100
53 10 100
53 11 100
53 12 100
53 13 100
53 14 100
53 17 100
53 19 100
53 20 100
53 24 100
53 27 100
53 29 100
53 35 100
53 37 100
53 40 100
53 45 100
53 46 100
53 47 100
53 49 100
53 51 100
53 52 100
53 61 100
53 63 100
53 64 100
53 66 100
53 69 100
53 71 100
53 72 100
53 73 100
53 77 100
53 78 100
53 80 100
53 87 100
53 89 100
53 90 100
53 92 100
53 93 100
53 94 100
53 96 100
53 97 100
53 99 100
54 3 100
54 6 100
54 8 100
54 12 100
54 13 100
54 14 100
54 16 100
54 19 100
54 20 100
54 22 100
54 23 100
54 25 100
54 26 100
54 27 100
54 28 100
54 30 100
54 31 100
54 32 100
54 33 100
54 34 100
54 35 100
54 36 100
54 40 100
54 41 100
54 47 100
54 50 100
54 51 100
54 55 100
54 56 100
54 58 100
54 59 100
54 60 100
54 65 100
54 67 100
54 69 100
54 70 100
54 73 100
54 76 100
54 77 100
54 78 100
54 81 100
54 82 100
54 83 100
54 84 100
54 85 100
54 87 100
54 88 100
54 89 100
54 90 100
54 91 100
54 92 100
54 95 100
54 96 100
54 98 100
55 1 100
55 4 100
55 5 100
55 6 100
55 8 100
55 9 100
55 11 100
55 22 100
55 31 100
55 34 100
55 36 100
55 42 100
55 45 100
55 46 100
55 47 100
55 48 100
55 50 100
55 52 100
55 54 100
55 59 100
55 60 100
55 61 100
55 63 100
55 64 100
55 65 100
55 66 100
55 68 100
55 69 100
55 73 100
55 74 100
55 75 100
55 78 100
55 82 100
55 84 100
55 85 100
55 88 100
55 89 100
55 95 100
55 96 100
55 97 100
55 98 100
55 99 100
56 3 100
56 6 100
56 8 100
56 18 100
56 19 100
56 23 100
56 24 100
56 27 100
56 29 100
56 30 100
56 31 100
56 34 100
56 36 100
56 38 100
56 39 100
56 41 100
56 44 100
56 45 100
56 46 100
56 50 100
56 52 100
56 54 100
56 57 100
56 58 100
56 60 100
56 61 100
56 64 100
56 65 100
56 67 100
56 72 100
56 73 100
56 74 100
56 77 100
56 78 100
56 79 100
56 84 100
56 85 100
56 86 100
56 88 100
56 93 100
56 95 100
56 96 100
56 97 100
57 1 100
57 2 100
57 4 100
57 6 100
57 7 100
57 12 100
57 13 100
57 15 100
57 17 100
57 22 100
57 24 100
57 30 100
57 32 100
57 34 100
57 39 100
57 40 100
57 41 100
57 42 100
57 43 100
57 44 100
57 47 100
57 49 100
57 51 100
57 52 100
57 56 100
57 58 100
57 64 100
57 65 100
57 66 100
57 68 100
57 73 100
57 74 100
57 75 100
57 77 100
57 80 100
57 81 100
57 83 100
57 84 100
57 86 100
57 88 100
57 89 100
57 90 100
57 92 100
57 93 100
57 94 100
57 95 100
57 96 100
57 99 100
58 1 100
58 2 100
58 3 100
58 4 100
58 5 100
58 8 100
58 12 100
58 15 100
58 17 100
58 18 100
58 19 100
58 21 100
58 22 100
58 26 100
58 29 100
58 30 100
58 33 100
58 35 100
58 36 100
58 37 100
58 38 100
58 39 100
58 40 100
58 42 100
58 43 100
58 45 100
58 47 100
58 48 100
58 50 100
58 51 100
58 52 100
58 54 100
58 56 100
58 57 100
58 59 100
58 60 100
58 61 100
58 64 100
58 65 100
58 70 100
58 71 100
58 73 100
58 74 100
58 76 100
58 80 100
58 81 100
58 83 100
58 84 100
58 89 100
58 91 100
58 94 100
58 95 100
58 97 100
58 98 100
58 99 100
59 5 100
59 7 100
59 9 100
59 11 100
59 13 100
59 15 100
59 20 100
59 21 100
59 22 100
59 23 100
59 24 100
59 25 100
59 26 100
59 27 100
59 28 100
59 29 100
59 31 100
59 34 100
59 35 100
59 39 100
59 40 100
59 41 100
59 44 100
59 45 100
59 46 100
59 47 100
59 48 100
59 49 100
59 54 100
59 55 100
59 58 100
59 60 100
59 63 100
59 65 100
59 67 100
59 70 100
59 73 100
59 75 100
59 77 100
59 80 100
59 82 100
59 84 100
59 85 100
59 88 100
59 98 100
59 99 100
60 1 100
60 2 100
60 3 100
60 4 100
60 15 100
60 20 100
60 24 100
60 27 100
60 29 100
60 30 100
60 31 100
60 32 100
60 34 100
60 36 100
60 37 100
60 38 100
60 39 100
60 40 100
60 41 100
60 42 100
60 44 100
60 45 100
60 46 100
60 47 100
60 48 100
60 50 100
60 52 100
60 54 100
60 55 100
60 56 100
60 58 100
60 59 100
60 61 100
60 62 100
60 63 100
60 65 100
60 67 100
60 68 100
60 74 100
60 75 100
60 76 100
60 78 100
60 80 100
60 83 100
60 85 100
60 90 100
60 92 100
60 93 100
60 94 100
60 95 100
60 96 100
60 97 100
61 4 100
61 9 100
61 10 100
61 12 100
61 14 100
61 17 100
61 18 100
61 20 100
61 22 100
61 24 100
61 25 100
61 27 100
61 28 100
61 29 100
61 32 100
61 34 100
61 36 100
61 37 100
61 38 100
61 41 100
61 42 100
61 44 100
61 45 100
61 46 100
61 47 100
61 49 100
61 51 100
61 53 100
61 55 100
61 56 100
61 58 100
61 60 100
61 62 100
61 65 100
61 67 100
61 68 100
61 72 100
61 76 100
61 77 100
61 81 100
61 85 100
61 86 100
61 88 100
61 90 100
61 91 100
61 92 100
61 94 100
61 95 100
61 96 100
61 98 100
62 1 100
62 3 100
62 6 100
62 8 100
62 9 100
62 11 100
62 13 100
62 16 100
62 18 100
62 19 100
62 21 100
62 23 100
62 25 100
62 29 100
62 32 100
62 33 100
62 35 100
62 36 100
62 37 100
62 39 100
62 41 100
62 42 100
62 43 100
62 45 100
62 51 100
62 60 100
62 61 100
62 63 100
62 64 100
62 65 100
62 67 100
62 68 100
62 70 100
62 73 100
62 74 100
62 75 100
62 77 100
62 78 100
62 79 100
62 82 100
62 87 100
62 89 100
62 91 100
62 98 100
63 1 100
63 2 100
63 6 100
63 10 100
63 12 100
63 17 100
63 20 100
63 23 100
63 25 100
63 26 100
63 27 100
63 28 100
63 29 100
63 31 100
63 32 100
63 33 100
63 35 100
63 37 100
63 41 100
63 42 100
63 45 100
63 46 100
63 47 100
63 49 100
63 50 100
63 51 100
63 52 100
63 53 100
63 55 100
63 59 100
63 60 100
63 62 100
63 64 100
63 65 100
63 66 100
63 67 100
63 68 100
63 69 100
63 74 100
63 76 100
63 77 100
63 79 100
63 80 100
63 82 100
63 84 100
63 85 100
63 86 100
63 89 100
63 92 100
63 93 100
63 94 100
63 95 100
63 96 100
63 98 100
63 99 100
64 1 100
64 4 100
64 5 100
64 7 100
64 11 100
64 12 100
64 13 100
64 14 100
64 19 100
64 23 100
64 28 100
64 30 100
64 31 100
64 35 100
64 36 100
64 37 100
64 39 100
64 41 100
64 42 100
64 43 100
64 44 100
64 45 100
64 48 100
64 49 100
64 51 100
64 52 100
64 53 100
64 55 100
64 56 100
64 57 100
64 58 100
64 62 100
64 63 100
64 65 100
64 66 100
64 69 100
64 72 100
64 73 100
64 75 100
64 77 100
64 78 100
64 81 100
64 84 100
64 86 100
64 94 100
64 98 100
64 99 100
65 1 100
65 2 100
65 5 100
65 10 100
65 11 100
65 12 100
65 15 100
65 16 100
65 17 100
65 19 100
65 21 100
65 23 100
65 24 100
65 25 100
65 26 100
65 27 100
65 29 100
65 31 100
65 32 100
65 34 100
65 36 100
65 37 100
65 38 100
65 40 100
65 41 100
65 44 100
65 45 100
65 47 100
65 48 100
65 51 100
65 52 100
65 54 100
65 55 100
65 56 100
65 57 100
65 58 100
65 59 100
65 60 100
65 61 100
65 62 100
65 63 100
65 64 100
65 66 100
65 67 100
65 68 100
65 72 100
65 73 100
65 76 100
65 79 100
65 81 100
65 83 100
65 85 100
65 88 100
65 95 100
65 99 100
66 1 100
66 3 100
66 4 100
66 5 100
66 7 100
66 8 100
66 14 100
66 15 100
66 16 100
66 17 100
66 18 100
66 19 100
66 20 100
66 21 100
66 22 100
66 27 100
66 28 100
66 29 100
66 31 100
66 34 100
66 35 100
66 36 100
66 40 100
66 41 100
66 43 100
66 49 100
66 50 100
66 51 100
66 53 100
66 55 100
66 57 100
66 63 100
66 64 100
66 65 100
66 67 100
66 68 100
66 70 100
66 73 100
66 74 100
66 75 100
66 77 100
66 80 100
66 83 100
66 86 100
66 87 100
66 88 100
66 90 100
66 93 100
66 94 100
66 97 100
67 1 100
67 2 100
67 3 100
67 5 100
67 7 100
67 9 100
67 11 100
67 12 100
67 13 100
67 14 100
67 16 100
67 17 100
67 19 100
67 20 100
67 21 100
67 22 100
67 23 100
67 27 100
67 30 100
67 31 100
67 34 100
67 36 100
67 37 100
67 38 100
67 41 100
67 45 100
67 47 100
67 50 100
67 52 100
67 54 100
67 56 100
67 59 100
67 60 100
67 61 100
67 62 100
67 63 100
67 65 100
67 66 100
67 68 100
67 69 100
67 70 100
67 71 100
67 72 100
67 73 100
67 74 100
67 75 100
67 76 100
67 77 100
67 80 100
67 83 100
67 84 100
67 85 100
67 86 100
67 88 100
67 91 100
67 93 100
67 96 100
67 97 100
67 98 100
68 8 100
68 9 100
68 11 100
68 12 100
68 13 100
68 14 100
68 15 100
68 17 100
68 18 100
68 20 100
68 23 100
68 24 100
68 25 100
68 26 100
68 27 100
68 29 100
68 30 100
68 31 100
68 32 100
68 33 100
68 34 100
68 35 100
68 37 100
68 40 100
68 42 100
68 43 100
68 45 100
68 46 100
68 47 100
68 50 100
68 52 100
68 55 100
68 57 100
68 60 100
68 61 100
68 62 100
68 63 100
68 65 100
68 66 100
68 67 100
68 69 100
68 70 100
68 73 100
68 74 100
68 76 100
68 77 100
68 81 100
68 83 100
68 86 100
68 87 100
68 89 100
68 91 100
68 93 100
68 94 100
68 95 100
68 98 100
68 99 100
69 1 100
69 2 100
69 3 100
69 4 100
69 5 100
69 7 100
69 8 100
69 12 100
69 13 100
69 14 100
69 17 100
69 18 100
69 19 100
69 21 100
69 26 100
69 29 100
69 31 100
69 35 100
69 38 100
69 40 100
69 41 100
69 43 100
69 44 100
69 46 100
69 49 100
69 50 100
69 53 100
69 54 100
69 55 100
69 63 100
69 64 100
69 67 100
69 68 100
69 70 100
69 71 100
69 73 100
69 75 100
69 77 100
69 78 100
69 80 100
69 81 100
69 82 100
69 84 100
69 85 100
69 90 100
69 92 100
69 95 100
70 2 100
70 3 100
70 4 100
70 7 100
70 8 100
70 13 100
70 15 100
70 19 100
70 21 100
70 22 100
70 24 100
70 25 100
70 26 100
70 28 100
70 29 100
70 31 100
70 33 100
70 35 100
70 38 100
70 39 100
70 41 100
70 48 100
70 49 100
70 54 100
70 58 100
70 59 100
70 62 100
70 66 100
70 67 100
70 68 100
70 69 100
70 71 100
70 73 100
70 75 100
70 76 100
70 78 100
70 86 100
70 87 100
70 88 100
70 91 100
70 94 100
70 96 100
70 97 100
70 98 100
71 1 100
71 2 100
71 5 100
71 8 100
71 11 100
71 12 100
71 13 100
71 16 100
71 17 100
71 21 100
71 22 100
71 26 100
71 27 100
71 28 100
71 29 100
71 30 100
71 31 100
71 32 100
71 34 100
71 37 100
71 38 100
71 39 100
71 40 100
71 41 100
71 42 100
71 43 100
71 45 100
71 46 100
71 47 100
71 48 100
71 50 100
71 51 100
71 52 100
71 53 100
71 58 100
71 67 100
71 69 100
71 70 100
71 72 100
71 74 100
71 75 100
71 76 100
71 77 100
71 78 100
71 80 100
71 84 100
71 87 100
71 88 100
71 89 100
71 90 100
71 91 100
71 93 100
71 95 100
71 96 100
71 97 100
71 98 100
71 99 100
72 1 100
72 5 100
72 7 100
72 8 100
72 11 100
72 12 100
72 13 100
72 14 100
72 15 100
72 16 100
72 18 100
72 19 100
72 23 100
72 29 100
72 31 100
72 33 100
72 39 100
72 42 100
72 43 100
72 44 100
72 45 100
72 46 100
72 49 100
72 50 100
72 51 100
72 52 100
72 53 100
72 56 100
72 61 100
72 64 100
72 65 100
72 67 100
72 71 100
72 73 100
72 74 100
72 77 100
72 78 100
72 79 100
72 81 100
72 82 100
72 83 100
72 85 100
72 86 100
72 87 100
72 89 100
72 90 100
72 92 100
72 95 100
72 96 100
72 99 100
73 3 100
73 4 100
73 8 100
73 10 100
73 14 100
73 15 100
73 18 100
73 20 100
73 21 100
73 23 100
73 25 100
73 27 100
73 28 100
73 32 100
73 37 100
73 38 100
73 39 100
73 40 100
73 44 100
73 46 100
73 47 100
73 49 100
73 51 100
73 53 100
73 54 100
73 55 100
73 56 100
73 57 100
73 58 100
73 59 100
73 62 100
73 64 100
73 65 100
73 66 100
73 67 100
73 68 100
73 69 100
73 70 100
73 72 100
73 75 100
73 77 100
73 79 100
73 81 100
73 82 100
73 85 100
73 87 100
73 88 100
73 89 100
73 90 100
73 94 100
73 97 100
74 3 100
74 8 100
74 9 100
74 10 100
74 12 100
74 14 100
74 15 100
74 17 100
74 19 100
74 20 100
74 21 100
74 23 100
74 25 100
74 27 100
74 29 100
74 30 100
74 32 100
74 37 100
74 38 100
74 39 100
74 40 100
74 41 100
74 42 100
74 44 100
74 46 100
74 47 100
74 48 100
74 49 100
74 50 100
74 55 100
74 56 100
74 57 100
74 58 100
74 60 100
74 62 100
74 63 100
74 66 100
74 67 100
74 68 100
74 71 100
74 72 100
74 75 100
74 79 100
74 81 100
74 82 100
74 83 100
74 86 100
74 87 100
74 89 100
74 93 100
74 95 100
74 99 100
75 4 100
75 5 100
75 7 100
75 8 100
75 9 100
75 10 100
75 12 100
75 13 100
75 15 100
75 16 100
75 19 100
75 20 100
75 21 100
75 22 100
75 26 100
75 33 100
75 34 100
75 35 100
75 36 100
75 37 100
75 39 100
75 42 100
75 43 100
75 44 100
75 45 100
75 48 100
75 52 100
75 55 100
75 57 100
75 59 100
75 60 100
75 62 100
75 64 100
75 66 100
75 67 100
75 69 100
75 70 100
75 71 100
75 73 100
75 74 100
75 76 100
75 77 100
75 78 100
75 79 100
75 80 100
75 81 100
75 82 100
75 85 100
75 86 100
75 87 100
75 89 100
75 94 100
75 96 100
75 98 100
76 1 100
76 3 100
76 4 100
76 5 100
76 6 100
76 8 100
76 10 100
76 12 100
76 14 100
76 15 100
76 16 100
76 23 100
76 24 100
76 26 100
76 28 100
76 34 100
76 35 100
76 36 100
76 39 100
76 40 100
76 42 100
76 43 100
76 49 100
76 50 100
76 51 100
76 54 100
76 58 100
76 60 100
76 61 100
76 63 100
76 65 100
76 67 100
76 68 100
76 70 100
76 71 100
76 75 100
76 77 100
76 80 100
76 86 100
76 89 100
76 90 100
76 91 100
76 96 100
76 97 100
77 1 100
77 3 100
77 5 100
77 7 100
77 11 100
77 12 100
77 14 100
77 21 100
77 22 100
77 23 100
77 26 100
77 27 100
77 30 100
77 31 100
77 32 100
77 35 100
77 36 100
77 37 100
77 39 100
77 40 100
77 41 100
77 46 100
77 47 100
77 48 100
77 49 100
77 51 100
77 52 100
77 53 100
77 54 100
77 56 100
77 57 100
77 59 100
77 61 100
77 62 100
77 63 100
77 64 100
77 66 100
77 67 100
77 68 100
77 69 100
77 71 100
77 72 100
77 73 100
77 75 100
77 76 100
77 80 100
77 81 100
77 82 100
77 83 100
77 85 100
77 88 100
77 90 100
77 91 100
77 92 100
77 94 100
77 95 100
77 96 100
77 97 100
78 2 100
78 4 100
78 6 100
78 8 100
78 10 100
78 11 100
78 12 100
78 14 100
78 17 100
78 20 100
78 21 100
78 23 100
78 24 100
78 26 100
78 28 100
78 34 100
78 35 100
78 36 100
78 38 100
78 39 100
78 41 100
78 42 100
78 43 100
78 44 100
78 48 100
78 50 100
78 51 100
78 53 100
78 54 100
78 55 100
78 56 100
78 60 100
78 62 100
78 64 100
78 69 100
78 70 100
78 71 100
78 72 100
78 75 100
78 79 100
78 84 100
78 85 100
78 87 100
78 90 100
78 98 100
78 99 100
79 1 100
79 2 100
79 3 100
79 4 100
79 7 100
79 8 100
79 9 100
79 10 100
79 11 100
79 12 100
79 13 100
79 14 100
79 15 100
79 16 100
79 17 100
79 18 100
79 21 100
79 24 100
79 25 100
79 27 100
79 29 100
79 30 100
79 31 100
79 36 100
79 37 100
79 38 100
79 39 100
79 41 100
79 42 100
79 45 100
79 46 100
79 47 100
79 48 100
79 49 100
79 51 100
79 56 100
79 62 100
79 63 100
79 65 100
79 72 100
79 73 100
79 74 100
79 75 100
79 78 100
79 82 100
79 83 100
79 84 100
79 88 100
79 90 100
79 95 100
79 98 100
80 1 100
80 2 100
80 4 100
80 5 100
80 6 100
80 9 100
80 15 100
80 16 100
80 17 100
80 18 100
80 19 100
80 22 100
80 27 100
80 30 100
80 31 100
80 34 100
80 35 100
80 36 100
80 42 100
80 44 100
80 46 100
80 48 100
80 49 100
80 50 100
80 51 100
80 52 100
80 53 100
80 57 100
80 58 100
80 59 100
80 60 100
80 63 100
80 66 100
80 67 100
80 69 100
80 71 100
80 75 100
80 76 100
80 77 100
80 81 100
80 82 100
80 83 100
80 84 100
80 85 100
80 88 100
80 89 100
80 90 100
80 91 100
80 94 100
80 95 100
80 96 100
80 97 100
80 98 100
81 1 100
81 3 100
81 6 100
81 7 100
81 9 100
81 10 100
81 13 100
81 14 100
81 15 100
81 17 100
81 18 100
81 22 100
81 26 100
81 33 100
81 34 100
81 36 100
81 42 100
81 43 100
81 50 100
81 51 100
81 52 100
81 54 100
81 57 100
81 58 100
81 61 100
81 64 100
81 65 100
81 68 100
81 69 100
81 72 100
81 73 100
81 74 100
81 75 100
81 77 100
81 80 100
81 83 100
81 84 100
81 85 100
81 86 100
81 87 100
81 88 100
81 90 100
81 92 100
81 93 100
81 95 100
81 96 100
81 97 100
81 98 100
82 1 100
82 6 100
82 7 100
82 10 100
82 13 100
82 18 100
82 19 100
82 22 100
82 23 100
82 24 100
82 25 100
82 29 100
82 31 100
82 32 100
82 33 100
82 35 100
82 39 100
82 40 100
82 41 100
82 42 100
82 45 100
82 47 100
82 52 100
82 54 100
82 55 100
82 59 100
82 62 100
82 63 100
82 69 100
82 72 100
82 73 100
82 74 100
82 75 100
82 77 100
82 79 100
82 80 100
82 86 100
82 93 100
82 94 100
82 98 100
83 7 100
83 8 100
83 9 100
83 10 100
83 16 100
83 19 100
83 22 100
83 24 100
83 25 100
83 26 100
83 27 100
83 28 100
83 32 100
83 34 100
83 35 100
83 36 100
83 44 100
83 45 100
83 47 100
83 48 100
83 50 100
83 52 100
83 54 100
83 57 100
83 58 100
83 60 100
83 65 100
83 66 100
83 67 100
83 68 100
83 72 100
83 74 100
83 77 100
83 79 100
83 80 100
83 81 100
83 84 100
83 86 100
83 87 100
83 91 100
83 93 100
83 95 100
83 96 100
84 1 100
84 2 100
84 4 100
84 6 100
84 9 100
84 12 100
84 13 100
84 15 100
84 18 100
84 19 100
84 20 100
84 21 100
84 22 100
84 23 100
84 27 100
84 28 100
84 29 100
84 31 100
84 33 100
84 37 100
84 42 100
84 45 100
84 46 100
84 48 100
84 54 100
84 55 100
84 56 100
84 57 100
84 58 100
84 59 100
84 63 100
84 64 100
84 67 100
84 69 100
84 71 100
84 78 100
84 79 100
84 80 100
84 81 100
84 83 100
84 88 100
84 90 100
84 91 100
84 92 100
84 93 100
84 95 100
84 99 100
85 3 100
85 4 100
85 5 100
85 6 100
85 7 100
85 8 100
85 10 100
85 11 100
85 16 100
85 17 100
85 18 100
85 21 100
85 22 100
85 25 100
85 26 100
85 27 100
85 33 100
85 34 100
85 35 100
85 41 100
85 42 100
85 43 100
85 44 100
85 45 100
85 46 100
85 54 100
85 55 100
85 56 100
85 59 100
85 60 100
85 61 100
85 63 100
85 65 100
85 67 100
85 69 100
85 72 100
85 73 100
85 75 100
85 77 100
85 78 100
85 80 100
85 81 100
85 86 100
85 88 100
85 90 100
85 96 100
85 97 100
85 99 100
86 1 100
86 2 100
86 3 100
86 5 100
86 6 100
86 8 100
86 12 100
86 16 100
86 17 100
86 23 100
86 24 100
86 27 100
86 29 100
86 31 100
86 32 100
86 36 100
86 37 100
86 38 100
86 41 100
86 42 100
86 43 100
86 45 100
86 56 100
86 57 100
86 61 100
86 63 100
86 64 100
86 66 100
86 67 100
86 68 100
86 70 100
86 72 100
86 74 100
86 75 100
86 76 100
86 81 100
86 82 100
86 83 100
86 85 100
86 90 100
86 91 100
86 95 100
86 96 100
86 99 100
87 1 100
87 3 100
87 4 100
87 5 100
87 6 100
87 7 100
87 8 100
87 9 100
87 10 100
87 12 100
87 13 100
87 14 100
87 15 100
87 17 100
87 18 100
87 19 100
87 25 100
87 26 100
87 28 100
87 29 100
87 33 100
87 34 100
87 37 100
87 39 100
87 42 100
87 44 100
87 52 100
87 53 100
87 54 100
87 62 100
87 66 100
87 68 100
87 70 100
87 71 100
87 72 100
87 73 100
87 74 100
87 75 100
87 78 100
87 81 100
87 83 100
87 88 100
87 90 100
87 93 100
87 94 100
87 95 100
87 96 100
87 97 100
87 98 100
87 99 100
88 1 100
88 3 100
88 4 100
88 7 100
88 10 100
88 11 100
88 12 100
88 14 100
88 20 100
88 22 100
88 25 100
88 27 100
88 30 100
88 31 100
88 32 100
88 33 100
88 34 100
88 35 100
88 37 100
88 38 100
88 39 100
88 42 100
88 43 100
88 44 100
88 54 100
88 55 100
88 56 100
88 57 100
88 59 100
88 61 100
88 65 100
88 66 100
88 67 100
88 70 100
88 71 100
88 73 100
88 77 100
88 79 100
88 80 100
88 81 100
88 84 100
88 85 100
88 87 100
88 90 100
88 92 100
88 93 100
88 94 100
88 96 100
88 99 100
89 1 100
89 2 100
89 4 100
89 11 100
89 14 100
89 17 100
89 22 100
89 23 100
89 24 100
89 27 100
89 28 100
89 35 100
89 36 100
89 38 100
89 40 100
89 42 100
89 45 100
89 48 100
89 49 100
89 52 100
89 53 100
89 54 100
89 55 100
89 57 100
89 58 100
89 62 100
89 63 100
89 68 100
89 71 100
89 72 100
89 73 100
89 74 100
89 75 100
89 76 100
89 80 100
89 91 100
89 95 100
89 96 100
90 3 100
90 6 100
90 10 100
90 12 100
90 14 100
90 16 100
90 17 100
90 18 100
90 20 100
90 26 100
90 27 100
90 28 100
90 29 100
90 30 100
90 33 100
90 34 100
90 35 100
90 36 100
90 38 100
90 39 100
90 42 100
90 43 100
90 44 100
90 45 100
90 46 100
90 47 100
90 51 100
90 53 100
90 54 100
90 57 100
90 60 100
90 61 100
90 66 100
90 69 100
90 71 100
90 72 100
90 73 100
90 76 100
90 77 100
90 78 100
90 79 100
90 80 100
90 81 100
90 84 100
90 85 100
90 86 100
90 87 100
90 88 100
90 91 100
90 92 100
90 94 100
90 98 100
90 99 100
91 1 100
91 6 100
91 8 100
91 11 100
91 17 100
91 18 100
91 19 100
91 20 100
91 21 100
91 23 100
91 24 100
91 30 100
91 31 100
91 32 100
91 35 100
91 37 100
91 39 100
91 41 100
91 44 100
91 45 100
91 49 100
91 51 100
91 52 100
91 54 100
91 58 100
91 61 100
91 62 100
91 67 100
91 68 100
91 70 100
91 71 100
91 76 100
91 77 100
91 80 100
91 83 100
91 84 100
91 86 100
91 89 100
91 90 100
91 92 100
91 94 100
91 95 100
91 96 100
91 97 100
91 99 100
92 1 100
92 3 100
92 6 100
92 8 100
92 9 100
92 10 100
92 12 100
92 17 100
92 20 100
92 24 100
92 27 100
92 32 100
92 34 100
92 38 100
92 39 100
92 41 100
92 42 100
92 44 100
92 45 100
92 46 100
92 47 100
92 48 100
92 49 100
92 50 100
92 52 100
92 53 100
92 54 100
92 57 100
92 60 100
92 61 100
92 63 100
92 69 100
92 72 100
92 77 100
92 81 100
92 84 100
92 88 100
92 90 100
92 91 100
92 94 100
92 97 100
92 98 100
93 1 100
93 2 100
93 5 100
93 8 100
93 15 100
93 16 100
93 17 100
93 18 100
93 20 100
93 21 100
93 22 100
93 23 100
93 24 100
93 26 100
93 29 100
93 35 100
93 36 100
93 41 100
93 43 100
93 44 100
93 45 100
93 46 100
93 48 100
93 52 100
93 53 100
93 56 100
93 57 100
93 60 100
93 63 100
93 66 100
93 67 100
93 68 100
93 71 100
93 74 100
93 81 100
93 82 100
93 83 100
93 84 100
93 87 100
93 88 100
93 98 100
93 99 100
94 1 100
94 2 100
94 4 100
94 5 100
94 6 100
94 8 100
94 9 100
94 10 100
94 12 100
94 13 100
94 14 100
94 16 100
94 22 100
94 25 100
94 26 100
94 27 100
94 28 100
94 31 100
94 33 100
94 34 100
94 38 100
94 39 100
94 41 100
94 42 100
94 44 100
94 46 100
94 47 100
94 49 100
94 52 100
94 53 100
94 57 100
94 58 100
94 60 100
94 61 100
94 63 100
94 64 100
94 66 100
94 68 100
94 70 100
94 73 100
94 75 100
94 77 100
94 80 100
94 82 100
94 87 100
94 88 100
94 90 100
94 91 100
94 92 100
94 95 100
94 99 100
95 6 100
95 9 100
95 12 100
95 13 100
95 14 100
95 16 100
95 24 100
95 27 100
95 30 100
95 33 100
95 35 100
95 37 100
95 38 100
95 40 100
95 41 100
95 43 100
95 44 100
95 46 100
95 47 100
95 48 100
95 50 100
95 54 100
95 55 100
95 56 100
95 57 100
95 58 100
95 60 100
95 61 100
95 63 100
95 65 100
95 68 100
95 69 100
95 71 100
95 72 100
95 74 100
95 77 100
95 79 100
95 80 100
95 81 100
95 83 100
95 84 100
95 86 100
95 87 100
95 89 100
95 91 100
95 94 100
95 96 100
95 99 100
96 1 100
96 2 100
96 7 100
96 9 100
96 10 100
96 12 100
96 13 100
96 16 100
96 18 100
96 19 100
96 20 100
96 21 100
96 22 100
96 23 100
96 24 100
96 25 100
96 26 100
96 27 100
96 30 100
96 31 100
96 36 100
96 44 100
96 46 100
96 49 100
96 53 100
96 54 100
96 55 100
96 56 100
96 57 100
96 60 100
96 61 100
96 63 100
96 67 100
96 70 100
96 71 100
96 72 100
96 75 100
96 76 100
96 77 100
96 80 100
96 81 100
96 83 100
96 85 100
96 86 100
96 87 100
96 88 100
96 89 100
96 91 100
96 95 100
96 98 100
96 99 100
97 1 100
97 5 100
97 9 100
97 10 100
97 12 100
97 13 100
97 14 100
97 19 100
97 22 100
97 23 100
97 24 100
97 25 100
97 28 100
97 29 100
97 30 100
97 31 100
97 33 100
97 34 100
97 46 100
97 48 100
97 49 100
97 53 100
97 55 100
97 56 100
97 58 100
97 60 100
97 66 100
97 67 100
97 70 100
97 71 100
97 73 100
97 76 100
97 77 100
97 80 100
97 81 100
97 85 100
97 87 100
97 91 100
97 92 100
98 1 100
98 2 100
98 4 100
98 5 100
98 6 100
98 7 100
98 8 100
98 11 100
98 16 100
98 17 100
98 18 100
98 19 100
98 22 100
98 25 100
98 27 100
98 30 100
98 31 100
98 33 100
98 38 100
98 39 100
98 40 100
98 44 100
98 45 100
98 46 100
98 48 100
98 49 100
98 51 100
98 52 100
98 54 100
98 55 100
98 58 100
98 59 100
98 61 100
98 62 100
98 63 100
98 64 100
98 67 100
98 68 100
98 70 100
98 71 100
98 75 100
98 78 100
98 79 100
98 80 100
98 81 100
98 82 100
98 87 100
98 90 100
98 92 100
98 93 100
98 96 100
98 99 100
1 t 100
4 t 100
5 t 100
9 t 100
14 t 100
15 t 100
17 t 100
18 t 100
22 t 100
26 t 100
27 t 100
30 t 100
31 t 100
33 t 100
38 t 100
40 t 100
41 t 100
45 t 100
48 t 100
49 t 100
50 t 100
51 t 100
53 t 100
55 t 100
57 t 100
58 t 100
59 t 100
63 t 100
64 t 100
65 t 100
68 t 100
71 t 100
72 t 100
74 t 100
78 t 100
84 t 100
85 t 100
86 t 100
87 t 100
88 t 100
90 t 100
91 t 100
93 t 100
94 t 100
95 t 100
96 t 100
98 t 100
