s 3 100
s 16 100
s 18 100
s 20 100
s 21 100
s 24 100
s 26 100
s 28 100
s 38 100
s 47 100
s 51 100
s 57 100
s 60 100
s 65 100
s 68 100
s 69 100
s 72 100
s 78 100
s 80 100
s 83 100
s 84 100
s 89 100
s 93 100
s 94 100
1 14 100
1 21 100
1 27 100
1 33 100
1 39 100
1 40 100
1 44 100
1 49 100
1 53 100
1 63 100
1 65 100
1 68 100
1 69 100
1 71 100
1 74 100
1 75 100
1 83 100
1 89 100
1 91 100
2 11 100
2 24 100
2 30 100
2 33 100
2 35 100
2 38 100
2 44 100
2 52 100
2 53 100
2 73 100
2 84 100
2 86 100
2 89 100
2 90 100
2 92 100
2 95 100
3 7 100
3 14 100
3 18 100
3 35 100
3 38 100
3 44 100
3 45 100
3 47 100
3 48 100
3 50 100
3 51 100
3 56 100
3 62 100
3 64 100
3 66 100
3 70 100
3 86 100
3 92 100
3 96 100
4 16 100
4 18 100
4 20 100
4 21 100
4 23 100
4 25 100
4 27 100
4 28 100
4 29 100
4 47 100
4 50 100
4 58 100
4 66 100
4 87 100
4 90 100
4 91 100
4 94 100
5 6 100
5 10 100
5 11 100
5 15 100
5 26 100
5 27 100
5 30 100
5 39 100
5 40 100
5 41 100
5 46 100
5 47 100
5 61 100
5 67 100
5 76 100
5 81 100
5 83 100
5 85 100
5 88 100
5 92 100
5 94 100
6 5 100
6 10 100
6 18 100
6 19 100
6 24 100
6 27 100
6 35 100
6 41 100
6 43 100
6 47 100
6 49 100
6 51 100
6 70 100
6 72 100
6 82 100
6 88 100
6 99 100
7 3 100
7 10 100
7 17 100
7 19 100
7 29 100
7 40 100
7 41 100
7 42 100
7 48 100
7 53 100
7 54 100
7 56 100
7 61 100
7 63 100
7 65 100
7 68 100
7 72 100
7 75 100
7 76 100
7 84 100
7 91 100
7 95 100
7 97 100
8 12 100
8 15 100
8 16 100
8 23 100
8 28 100
8 31 100
8 36 100
8 42 100
8 49 100
8 52 100
8 56 100
8 58 100
8 59 100
8 65 100
8 71 100
8 77 100
8 80 100
8 84 100
8 88 100
8 91 100
8 95 100
8 99 100
9 19 100
9 20 100
9 24 100
9 35 100
9 36 100
9 41 100
9 51 100
9 53 100
9 60 100
9 65 100
9 72 100
10 5 100
10 6 100
10 7 100
10 14 100
10 17 100
10 20 100
10 21 100
10 25 100
10 32 100
10 33 100
10 41 100
10 42 100
10 45 100
10 48 100
10 53 100
10 54 100
10 57 100
10 61 100
10 64 100
10 70 100
10 73 100
10 77 100
10 78 100
10 93 100
10 95 100
11 2 100
11 5 100
11 16 100
11 17 100
11 43 100
11 48 100
11 53 100
11 60 100
11 69 100
11 71 100
11 72 100
11 84 100
11 87 100
11 91 100
11 94 100
11 96 100
11 98 100
12 8 100
12 13 100
12 19 100
12 26 100
12 33 100
12 38 100
12 41 100
12 44 100
12 49 100
12 56 100
12 59 100
12 64 100
12 66 100
12 67 100
12 70 100
12 72 100
12 85 100
12 91 100
12 95 100
13 12 100
13 43 100
13 48 100
13 58 100
13 63 100
13 70 100
13 72 100
13 87 100
13 95 100
14 1 100
14 3 100
14 10 100
14 23 100
14 31 100
14 34 100
14 35 100
14 39 100
14 41 100
14 55 100
14 59 100
14 67 100
14 68 100
14 69 100
14 72 100
14 79 100
14 86 100
14 88 100
14 93 100
14 99 100
15 5 100
15 8 100
15 21 100
15 24 100
15 28 100
15 33 100
15 34 100
15 39 100
15 48 100
15 49 100
15 53 100
15 60 100
15 75 100
15 83 100
15 87 100
15 92 100
15 96 100
16 4 100
16 8 100
16 11 100
16 17 100
16 25 100
16 30 100
16 38 100
16 42 100
16 44 100
16 45 100
16 54 100
16 56 100
16 59 100
16 60 100
16 71 100
16 77 100
16 81 100
16 90 100
16 94 100
16 95 100
16 99 100
17 7 100
17 10 100
17 11 100
17 16 100
17 31 100
17 34 100
17 36 100
17 39 100
17 42 100
17 45 100
17 49 100
17 51 100
17 52 100
17 55 100
17 63 100
17 65 100
17 70 100
17 74 100
17 76 100
17 80 100
17 83 100
17 91 100
18 3 100
18 4 100
18 6 100
18 20 100
18 24 100
18 26 100
18 30 100
18 31 100
18 32 100
18 51 100
18 59 100
18 61 100
18 68 100
18 77 100
18 78 100
18 81 100
18 95 100
19 6 100
19 7 100
19 9 100
19 12 100
19 32 100
19 34 100
19 39 100
19 42 100
19 48 100
19 51 100
19 55 100
19 59 100
19 64 100
19 66 100
19 70 100
19 72 100
19 73 100
19 76 100
19 81 100
19 89 100
19 93 100
19 94 100
19 95 100
20 4 100
20 9 100
20 10 100
20 18 100
20 26 100
20 37 100
20 38 100
20 42 100
20 45 100
20 48 100
20 50 100
20 53 100
20 56 100
20 59 100
20 62 100
20 67 100
20 69 100
20 85 100
21 1 100
21 4 100
21 10 100
21 15 100
21 24 100
21 30 100
21 31 100
21 32 100
21 35 100
21 51 100
21 57 100
21 65 100
21 67 100
21 74 100
21 77 100
21 79 100
21 83 100
21 88 100
21 93 100
22 27 100
22 28 100
22 29 100
22 33 100
22 37 100
22 38 100
22 42 100
22 50 100
22 51 100
22 55 100
22 62 100
22 63 100
22 65 100
22 66 100
22 67 100
22 75 100
22 87 100
22 98 100
23 4 100
23 8 100
23 14 100
23 30 100
23 44 100
23 45 100
23 46 100
23 56 100
23 65 100
23 68 100
23 71 100
23 87 100
23 90 100
23 96 100
24 2 100
24 6 100
24 9 100
24 15 100
24 18 100
24 21 100
24 31 100
24 34 100
24 35 100
24 45 100
24 46 100
24 53 100
24 56 100
24 79 100
24 84 100
24 86 100
24 87 100
24 90 100
24 92 100
25 4 100
25 10 100
25 16 100
25 26 100
25 31 100
25 43 100
25 45 100
25 46 100
25 51 100
25 54 100
25 62 100
25 64 100
25 66 100
25 73 100
25 75 100
25 77 100
25 81 100
25 86 100
25 90 100
25 93 100
25 94 100
25 95 100
25 96 100
25 97 100
26 5 100
26 12 100
26 18 100
26 20 100
26 25 100
26 27 100
26 36 100
26 42 100
26 44 100
26 47 100
26 62 100
26 63 100
26 66 100
26 67 100
26 70 100
26 71 100
26 80 100
26 81 100
26 86 100
26 87 100
26 91 100
26 94 100
26 97 100
27 1 100
27 4 100
27 5 100
27 6 100
27 22 100
27 26 100
27 28 100
27 35 100
27 41 100
27 48 100
27 50 100
27 54 100
27 56 100
27 57 100
27 70 100
27 77 100
27 83 100
27 84 100
27 85 100
27 89 100
27 91 100
27 92 100
27 95 100
27 96 100
27 97 100
28 4 100
28 8 100
28 15 100
28 22 100
28 27 100
28 33 100
28 35 100
28 38 100
28 43 100
28 61 100
28 63 100
28 66 100
28 73 100
28 77 100
28 78 100
28 80 100
28 91 100
28 93 100
28 95 100
28 99 100
29 4 100
29 7 100
29 22 100
29 33 100
29 34 100
29 41 100
29 44 100
29 46 100
29 48 100
29 56 100
29 57 100
29 58 100
29 66 100
29 67 100
29 71 100
29 73 100
29 81 100
29 87 100
29 89 100
30 2 100
30 5 100
30 16 100
30 18 100
30 21 100
30 23 100
30 33 100
30 35 100
30 39 100
30 41 100
30 51 100
30 58 100
30 60 100
30 67 100
30 68 100
30 74 100
30 76 100
30 77 100
30 80 100
30 82 100
30 83 100
30 85 100
30 90 100
30 91 100
30 92 100
30 97 100
31 8 100
31 14 100
31 17 100
31 18 100
31 21 100
31 24 100
31 25 100
31 38 100
31 43 100
31 49 100
31 64 100
31 66 100
31 68 100
31 73 100
31 74 100
31 84 100
31 89 100
31 90 100
31 91 100
32 10 100
32 18 100
32 19 100
32 21 100
32 48 100
32 66 100
32 67 100
32 71 100
32 72 100
32 73 100
32 74 100
32 81 100
32 86 100
32 87 100
32 88 100
32 89 100
32 99 100
33 1 100
33 2 100
33 10 100
33 12 100
33 15 100
33 22 100
33 28 100
33 29 100
33 30 100
33 36 100
33 37 100
33 48 100
33 49 100
33 50 100
33 53 100
33 62 100
33 66 100
33 85 100
33 86 100
33 87 100
33 93 100
33 98 100
34 14 100
34 15 100
34 17 100
34 19 100
34 24 100
34 29 100
34 38 100
34 41 100
34 42 100
34 45 100
34 54 100
34 55 100
34 56 100
34 62 100
34 67 100
34 72 100
34 94 100
34 95 100
34 97 100
35 2 100
35 3 100
35 6 100
35 9 100
35 14 100
35 21 100
35 24 100
35 27 100
35 28 100
35 30 100
35 37 100
35 41 100
35 54 100
35 58 100
35 60 100
35 73 100
35 79 100
35 82 100
35 86 100
35 87 100
35 93 100
35 95 100
35 96 100
36 8 100
36 9 100
36 17 100
36 26 100
36 33 100
36 49 100
36 57 100
36 58 100
36 61 100
36 66 100
36 68 100
36 72 100
36 76 100
36 86 100
36 90 100
37 20 100
37 22 100
37 33 100
37 35 100
37 55 100
37 56 100
37 62 100
37 64 100
37 66 100
37 72 100
37 73 100
37 79 100
37 82 100
37 85 100
37 88 100
37 91 100
37 94 100
38 2 100
38 3 100
38 12 100
38 16 100
38 20 100
38 22 100
38 28 100
38 31 100
38 34 100
38 42 100
38 43 100
38 45 100
38 51 100
38 56 100
38 64 100
38 65 100
38 66 100
38 68 100
38 70 100
38 72 100
38 76 100
38 78 100
38 89 100
38 91 100
38 95 100
38 98 100
39 1 100
39 5 100
39 14 100
39 15 100
39 17 100
39 19 100
39 30 100
39 44 100
39 46 100
39 47 100
39 57 100
39 59 100
39 62 100
39 76 100
39 82 100
39 85 100
39 87 100
39 90 100
39 98 100
40 1 100
40 5 100
40 7 100
40 50 100
40 51 100
40 57 100
40 60 100
40 64 100
40 68 100
40 70 100
40 74 100
40 75 100
40 81 100
40 83 100
40 87 100
40 89 100
40 91 100
40 92 100
41 5 100
41 6 100
41 7 100
41 9 100
41 10 100
41 12 100
41 14 100
41 27 100
41 29 100
41 30 100
41 34 100
41 35 100
41 47 100
41 48 100
41 58 100
41 64 100
41 70 100
41 72 100
41 74 100
41 88 100
41 89 100
41 90 100
41 97 100
42 7 100
42 8 100
42 10 100
42 16 100
42 17 100
42 19 100
42 20 100
42 22 100
42 26 100
42 34 100
42 38 100
42 48 100
42 49 100
42 51 100
42 54 100
42 58 100
42 67 100
42 69 100
42 72 100
42 75 100
42 82 100
42 88 100
42 89 100
42 96 100
42 98 100
43 6 100
43 11 100
43 13 100
43 25 100
43 28 100
43 31 100
43 38 100
43 49 100
43 53 100
43 55 100
43 64 100
43 70 100
43 73 100
43 95 100
43 96 100
44 1 100
44 2 100
44 3 100
44 12 100
44 16 100
44 23 100
44 26 100
44 29 100
44 39 100
44 49 100
44 63 100
44 66 100
44 78 100
44 79 100
44 87 100
44 97 100
44 98 100
44 99 100
45 3 100
45 10 100
45 16 100
45 17 100
45 20 100
45 23 100
45 24 100
45 25 100
45 34 100
45 38 100
45 46 100
45 57 100
45 64 100
45 74 100
45 88 100
46 5 100
46 23 100
46 24 100
46 25 100
46 29 100
46 39 100
46 45 100
46 58 100
46 65 100
46 70 100
46 71 100
46 78 100
46 82 100
46 86 100
46 87 100
46 92 100
46 95 100
47 3 100
47 4 100
47 5 100
47 6 100
47 26 100
47 39 100
47 41 100
47 52 100
47 57 100
47 64 100
47 68 100
47 69 100
47 72 100
47 75 100
47 80 100
47 81 100
47 88 100
47 91 100
47 96 100
48 3 100
48 7 100
48 10 100
48 11 100
48 13 100
48 15 100
48 19 100
48 20 100
48 27 100
48 29 100
48 32 100
48 33 100
48 41 100
48 42 100
48 71 100
48 75 100
48 78 100
48 86 100
48 88 100
48 91 100
49 1 100
49 6 100
49 8 100
49 12 100
49 15 100
49 17 100
49 31 100
49 33 100
49 36 100
49 42 100
49 43 100
49 44 100
49 57 100
49 65 100
49 78 100
49 82 100
49 83 100
49 85 100
49 91 100
49 92 100
49 96 100
50 3 100
50 4 100
50 20 100
50 22 100
50 27 100
50 33 100
50 40 100
50 51 100
50 53 100
50 54 100
50 62 100
50 67 100
50 68 100
50 78 100
50 79 100
50 85 100
50 90 100
50 94 100
50 96 100
50 99 100
51 3 100
51 6 100
51 9 100
51 17 100
51 18 100
51 19 100
51 21 100
51 22 100
51 25 100
51 30 100
51 38 100
51 40 100
51 42 100
51 50 100
51 52 100
51 58 100
51 64 100
51 65 100
51 68 100
51 69 100
51 70 100
51 72 100
51 73 100
51 76 100
51 82 100
51 87 100
51 90 100
51 91 100
51 96 100
52 2 100
52 8 100
52 17 100
52 47 100
52 51 100
52 53 100
52 60 100
52 63 100
52 66 100
52 67 100
52 75 100
52 81 100
52 94 100
52 95 100
53 1 100
53 2 100
53 7 100
53 9 100
53 10 100
53 11 100
53 15 100
53 20 100
53 24 100
53 33 100
53 43 100
53 50 100
53 52 100
53 63 100
53 68 100
53 74 100
53 82 100
53 90 100
54 7 100
54 10 100
54 16 100
54 25 100
54 27 100
54 34 100
54 35 100
54 42 100
54 50 100
54 55 100
54 58 100
54 64 100
54 66 100
54 77 100
54 80 100
54 87 100
54 91 100
54 94 100
54 95 100
54 96 100
55 14 100
55 17 100
55 19 100
55 22 100
55 34 100
55 37 100
55 43 100
55 54 100
55 58 100
55 60 100
55 80 100
55 81 100
55 87 100
55 89 100
55 93 100
55 97 100
56 3 100
56 7 100
56 8 100
56 12 100
56 16 100
56 20 100
56 23 100
56 24 100
56 27 100
56 29 100
56 34 100
56 37 100
56 38 100
56 63 100
56 68 100
56 78 100
56 80 100
56 82 100
56 85 100
56 91 100
56 95 100
57 10 100
57 21 100
57 27 100
57 29 100
57 36 100
57 39 100
57 40 100
57 45 100
57 47 100
57 49 100
57 67 100
57 72 100
57 80 100
57 82 100
57 88 100
57 93 100
58 4 100
58 8 100
58 13 100
58 29 100
58 30 100
58 35 100
58 36 100
58 41 100
58 42 100
58 46 100
58 51 100
58 54 100
58 55 100
58 76 100
58 81 100
58 90 100
58 91 100
59 8 100
59 12 100
59 14 100
59 16 100
59 18 100
59 19 100
59 20 100
59 39 100
59 62 100
59 70 100
59 88 100
59 89 100
59 94 100
60 9 100
60 11 100
60 15 100
60 16 100
60 30 100
60 35 100
60 40 100
60 52 100
60 55 100
60 71 100
60 77 100
60 79 100
60 89 100
61 5 100
61 7 100
61 10 100
61 18 100
61 28 100
61 36 100
61 82 100
61 87 100
61 89 100
61 91 100
61 92 100
61 99 100
62 3 100
62 20 100
62 22 100
62 25 100
62 26 100
62 33 100
62 34 100
62 37 100
62 39 100
62 50 100
62 59 100
62 65 100
62 74 100
62 78 100
62 88 100
62 90 100
62 92 100
62 93 100
62 95 100
62 96 100
62 98 100
63 1 100
63 7 100
63 13 100
63 17 100
63 22 100
63 26 100
63 28 100
63 44 100
63 52 100
63 53 100
63 56 100
63 69 100
63 73 100
63 74 100
63 76 100
63 77 100
63 87 100
63 96 100
64 3 100
64 10 100
64 12 100
64 19 100
64 25 100
64 31 100
64 37 100
64 38 100
64 40 100
64 41 100
64 43 100
64 45 100
64 47 100
64 51 100
64 54 100
64 71 100
64 76 100
64 84 100
64 86 100
64 92 100
64 94 100
64 97 100
65 1 100
65 7 100
65 8 100
65 9 100
65 17 100
65 21 100
65 22 100
65 23 100
65 38 100
65 46 100
65 49 100
65 51 100
65 62 100
65 69 100
65 77 100
65 78 100
65 80 100
65 83 100
65 96 100
65 99 100
66 3 100
66 4 100
66 12 100
66 19 100
66 22 100
66 25 100
66 26 100
66 28 100
66 29 100
66 31 100
66 32 100
66 33 100
66 36 100
66 37 100
66 38 100
66 44 100
66 52 100
66 54 100
66 68 100
66 70 100
66 71 100
66 73 100
66 74 100
66 75 100
66 88 100
66 91 100
66 95 100
66 97 100
67 5 100
67 12 100
67 14 100
67 20 100
67 21 100
67 22 100
67 26 100
67 29 100
67 30 100
67 32 100
67 34 100
67 42 100
67 50 100
67 52 100
67 57 100
67 75 100
67 82 100
67 83 100
67 86 100
67 87 100
67 90 100
67 98 100
68 1 100
68 7 100
68 14 100
68 18 100
68 23 100
68 30 100
68 31 100
68 36 100
68 38 100
68 40 100
68 47 100
68 50 100
68 51 100
68 53 100
68 56 100
68 66 100
68 73 100
68 76 100
68 89 100
68 90 100
68 91 100
69 1 100
69 11 100
69 14 100
69 20 100
69 42 100
69 47 100
69 51 100
69 63 100
69 65 100
69 72 100
69 74 100
69 76 100
69 77 100
69 78 100
69 79 100
69 81 100
69 87 100
69 89 100
69 91 100
69 95 100
69 96 100
70 3 100
70 6 100
70 10 100
70 12 100
70 13 100
70 17 100
70 19 100
70 26 100
70 27 100
70 38 100
70 40 100
70 41 100
70 43 100
70 46 100
70 51 100
70 59 100
70 66 100
70 71 100
70 74 100
70 79 100
70 80 100
70 86 100
70 94 100
70 97 100
70 99 100
71 1 100
71 8 100
71 11 100
71 16 100
71 23 100
71 26 100
71 29 100
71 32 100
71 46 100
71 48 100
71 60 100
71 64 100
71 66 100
71 70 100
71 72 100
71 89 100
71 95 100
71 97 100
71 99 100
72 6 100
72 7 100
72 9 100
72 11 100
72 12 100
72 13 100
72 14 100
72 19 100
72 32 100
72 34 100
72 36 100
72 37 100
72 38 100
72 41 100
72 42 100
72 47 100
72 51 100
72 57 100
72 69 100
72 71 100
72 77 100
72 80 100
72 81 100
72 93 100
72 94 100
73 2 100
73 10 100
73 19 100
73 25 100
73 28 100
73 29 100
73 31 100
73 32 100
73 35 100
73 37 100
73 43 100
73 51 100
73 63 100
73 66 100
73 68 100
73 84 100
73 92 100
73 98 100
74 1 100
74 17 100
74 21 100
74 30 100
74 31 100
74 32 100
74 40 100
74 41 100
74 45 100
74 53 100
74 62 100
74 63 100
74 66 100
74 69 100
74 70 100
74 86 100
74 88 100
74 89 100
74 90 100
74 93 100
74 99 100
75 1 100
75 7 100
75 15 100
75 22 100
75 25 100
75 40 100
75 42 100
75 47 100
75 48 100
75 52 100
75 66 100
75 67 100
75 76 100
75 78 100
75 88 100
75 89 100
75 91 100
75 95 100
75 96 100
76 5 100
76 7 100
76 17 100
76 19 100
76 30 100
76 36 100
76 38 100
76 39 100
76 51 100
76 58 100
76 63 100
76 64 100
76 68 100
76 69 100
76 75 100
76 83 100
76 86 100
76 88 100
76 90 100
76 98 100
77 8 100
77 10 100
77 16 100
77 18 100
77 21 100
77 25 100
77 27 100
77 28 100
77 30 100
77 54 100
77 60 100
77 63 100
77 65 100
77 69 100
77 72 100
77 81 100
77 84 100
77 85 100
77 89 100
77 91 100
77 92 100
77 96 100
77 99 100
78 10 100
78 18 100
78 28 100
78 38 100
78 44 100
78 46 100
78 48 100
78 49 100
78 50 100
78 56 100
78 62 100
78 65 100
78 69 100
78 75 100
78 79 100
78 85 100
78 90 100
78 95 100
79 14 100
79 21 100
79 24 100
79 35 100
79 37 100
79 44 100
79 50 100
79 60 100
79 69 100
79 70 100
79 78 100
79 81 100
79 90 100
80 8 100
80 17 100
80 26 100
80 28 100
80 30 100
80 47 100
80 54 100
80 55 100
80 56 100
80 57 100
80 65 100
80 70 100
80 72 100
80 89 100
80 95 100
80 96 100
80 99 100
81 5 100
81 16 100
81 18 100
81 19 100
81 25 100
81 26 100
81 29 100
81 32 100
81 40 100
81 47 100
81 52 100
81 55 100
81 58 100
81 69 100
81 72 100
81 77 100
81 79 100
81 86 100
81 91 100
82 6 100
82 30 100
82 35 100
82 37 100
82 39 100
82 42 100
82 46 100
82 49 100
82 51 100
82 53 100
82 56 100
82 57 100
82 61 100
82 67 100
82 85 100
82 86 100
82 89 100
82 92 100
82 98 100
83 1 100
83 5 100
83 15 100
83 17 100
83 21 100
83 27 100
83 30 100
83 40 100
83 49 100
83 65 100
83 67 100
83 76 100
83 84 100
84 2 100
84 7 100
84 8 100
84 11 100
84 24 100
84 27 100
84 31 100
84 64 100
84 73 100
84 77 100
84 83 100
84 92 100
84 96 100
85 5 100
85 12 100
85 20 100
85 27 100
85 30 100
85 33 100
85 37 100
85 39 100
85 49 100
85 50 100
85 56 100
85 77 100
85 78 100
85 82 100
85 86 100
85 91 100
85 93 100
85 94 100
85 97 100
86 2 100
86 3 100
86 14 100
86 24 100
86 25 100
86 26 100
86 32 100
86 33 100
86 35 100
86 36 100
86 46 100
86 48 100
86 64 100
86 67 100
86 70 100
86 74 100
86 76 100
86 81 100
86 82 100
86 85 100
86 88 100
86 90 100
86 99 100
87 4 100
87 11 100
87 13 100
87 15 100
87 22 100
87 23 100
87 24 100
87 26 100
87 29 100
87 32 100
87 33 100
87 35 100
87 39 100
87 40 100
87 44 100
87 46 100
87 51 100
87 54 100
87 55 100
87 61 100
87 63 100
87 67 100
87 69 100
87 89 100
87 91 100
87 98 100
88 5 100
88 6 100
88 8 100
88 14 100
88 21 100
88 32 100
88 37 100
88 41 100
88 42 100
88 45 100
88 47 100
88 48 100
88 57 100
88 59 100
88 62 100
88 66 100
88 74 100
88 75 100
88 76 100
88 86 100
88 97 100
89 1 100
89 2 100
89 19 100
89 27 100
89 29 100
89 31 100
89 32 100
89 38 100
89 40 100
89 41 100
89 42 100
89 55 100
89 59 100
89 60 100
89 61 100
89 68 100
89 69 100
89 71 100
89 74 100
89 75 100
89 77 100
89 80 100
89 82 100
89 87 100
89 90 100
89 98 100
90 2 100
90 4 100
90 16 100
90 23 100
90 24 100
90 25 100
90 30 100
90 31 100
90 36 100
90 39 100
90 41 100
90 50 100
90 51 100
90 53 100
90 58 100
90 62 100
90 67 100
90 68 100
90 74 100
90 76 100
90 78 100
90 79 100
90 86 100
90 89 100
90 91 100
91 1 100
91 4 100
91 7 100
91 8 100
91 11 100
91 12 100
91 17 100
91 26 100
91 27 100
91 28 100
91 30 100
91 31 100
91 37 100
91 38 100
91 40 100
91 47 100
91 48 100
91 49 100
91 51 100
91 54 100
91 56 100
91 58 100
91 61 100
91 66 100
91 68 100
91 69 100
91 75 100
91 77 100
91 81 100
91 85 100
91 87 100
91 90 100
91 98 100
91 99 100
92 2 100
92 3 100
92 5 100
92 15 100
92 24 100
92 27 100
92 30 100
92 40 100
92 46 100
92 49 100
92 61 100
92 62 100
92 64 100
92 73 100
92 77 100
92 82 100
92 84 100
93 10 100
93 14 100
93 19 100
93 21 100
93 25 100
93 28 100
93 33 100
93 35 100
93 55 100
93 57 100
93 62 100
93 72 100
93 74 100
93 85 100
93 95 100
93 99 100
94 4 100
94 5 100
94 11 100
94 16 100
94 19 100
94 25 100
94 26 100
94 34 100
94 37 100
94 50 100
94 52 100
94 54 100
94 59 100
94 64 100
94 70 100
94 72 100
94 85 100
94 95 100
95 2 100
95 7 100
95 8 100
95 10 100
95 12 100
95 13 100
95 16 100
95 18 100
95 19 100
95 25 100
95 27 100
95 28 100
95 34 100
95 35 100
95 38 100
95 43 100
95 46 100
95 52 100
95 54 100
95 56 100
95 62 100
95 66 100
95 69 100
95 71 100
95 75 100
95 78 100
95 80 100
95 93 100
95 94 100
96 3 100
96 11 100
96 15 100
96 23 100
96 25 100
96 27 100
96 35 100
96 42 100
96 43 100
96 47 100
96 49 100
96 50 100
96 51 100
96 54 100
96 62 100
96 63 100
96 65 100
96 69 100
96 75 100
96 77 100
96 80 100
96 84 100
96 97 100
96 99 100
97 7 100
97 25 100
97 26 100
97 27 100
97 30 100
97 34 100
97 41 100
97 44 100
97 55 100
97 64 100
97 66 100
97 70 100
97 71 100
97 85 100
97 88 100
97 96 100
97 99 100
98 11 100
98 22 100
98 33 100
98 38 100
98 39 100
98 42 100
98 44 100
98 62 100
98 67 100
98 73 100
98 76 100
98 82 100
98 87 100
98 89 100
98 91 100
6 t 100
8 t 100
14 t 100
16 t 100
28 t 100
32 t 100
44 t 100
50 t 100
61 t 100
65 t 100
70 t 100
71 t 100
74 t 100
77 t 100
80 t 100
86 t 100
91 t 100
93 t 100
96 t 100
97 t 100
