s 2 100
s 4 100
s 6 100
s 7 100
s 9 100
s 11 100
s 13 100
s 15 100
s 18 100
s 20 100
s 21 100
s 23 100
s 24 100
s 32 100
s 33 100
s 40 100
s 41 100
s 49 100
s 50 100
s 56 100
s 62 100
s 64 100
s 65 100
s 67 100
s 73 100
s 76 100
s 79 100
s 80 100
s 83 100
s 84 100
s 85 100
s 86 100
s 88 100
s 89 100
1 2 100
1 3 100
1 8 100
1 10 100
1 11 100
1 14 100
1 21 100
1 30 100
1 36 100
1 39 100
1 40 100
1 42 100
1 49 100
1 50 100
1 54 100
1 55 100
1 56 100
1 60 100
1 61 100
1 64 100
1 68 100
1 70 100
1 72 100
1 77 100
1 79 100
1 83 100
1 87 100
1 91 100
1 95 100
1 96 100
2 1 100
2 7 100
2 10 100
2 17 100
2 20 100
2 21 100
2 23 100
2 24 100
2 25 100
2 26 100
2 29 100
2 30 100
2 32 100
2 34 100
2 41 100
2 47 100
2 48 100
2 54 100
2 56 100
2 57 100
2 59 100
2 60 100
2 61 100
2 65 100
2 66 100
2 69 100
2 71 100
2 73 100
2 76 100
2 79 100
2 81 100
2 83 100
2 86 100
2 91 100
2 95 100
2 98 100
3 1 100
3 4 100
3 5 100
3 6 100
3 8 100
3 10 100
3 12 100
3 15 100
3 18 100
3 21 100
3 22 100
3 25 100
3 26 100
3 31 100
3 38 100
3 39 100
3 43 100
3 44 100
3 47 100
3 49 100
3 50 100
3 53 100
3 67 100
3 68 100
3 72 100
3 74 100
3 76 100
3 79 100
3 80 100
3 87 100
3 88 100
3 90 100
3 91 100
3 94 100
3 96 100
3 98 100
3 99 100
4 3 100
4 6 100
4 9 100
4 10 100
4 17 100
4 18 100
4 21 100
4 23 100
4 26 100
4 27 100
4 28 100
4 30 100
4 31 100
4 43 100
4 45 100
4 47 100
4 48 100
4 49 100
4 50 100
4 52 100
4 53 100
4 54 100
4 55 100
4 59 100
4 60 100
4 63 100
4 65 100
4 67 100
4 68 100
4 69 100
4 70 100
4 72 100
4 73 100
4 76 100
4 77 100
4 79 100
4 84 100
4 86 100
4 87 100
4 93 100
4 96 100
4 99 100
5 3 100
5 6 100
5 7 100
5 8 100
5 11 100
5 13 100
5 15 100
5 16 100
5 17 100
5 18 100
5 20 100
5 23 100
5 26 100
5 27 100
5 32 100
5 34 100
5 35 100
5 37 100
5 41 100
5 42 100
5 43 100
5 49 100
5 51 100
5 52 100
5 53 100
5 54 100
5 56 100
5 58 100
5 59 100
5 61 100
5 65 100
5 67 100
5 68 100
5 74 100
5 80 100
5 90 100
5 92 100
5 97 100
5 98 100
6 3 100
6 4 100
6 5 100
6 8 100
6 13 100
6 16 100
6 18 100
6 19 100
6 21 100
6 22 100
6 28 100
6 32 100
6 36 100
6 37 100
6 38 100
6 41 100
6 42 100
6 44 100
6 51 100
6 53 100
6 57 100
6 60 100
6 66 100
6 67 100
6 69 100
6 70 100
6 71 100
6 74 100
6 75 100
6 77 100
6 79 100
6 82 100
6 83 100
6 87 100
6 88 100
6 91 100
6 94 100
6 96 100
6 97 100
6 98 100
6 99 100
7 2 100
7 5 100
7 10 100
7 11 100
7 13 100
7 18 100
7 19 100
7 21 100
7 22 100
7 24 100
7 30 100
7 32 100
7 33 100
7 36 100
7 37 100
7 38 100
7 40 100
7 42 100
7 44 100
7 51 100
7 52 100
7 56 100
7 60 100
7 62 100
7 63 100
7 66 100
7 67 100
7 68 100
7 74 100
7 76 100
7 78 100
7 80 100
7 81 100
7 82 100
7 85 100
7 87 100
7 94 100
7 97 100
7 99 100
8 1 100
8 3 100
8 5 100
8 6 100
8 9 100
8 10 100
8 12 100
8 13 100
8 17 100
8 22 100
8 29 100
8 30 100
8 32 100
8 33 100
8 35 100
8 38 100
8 42 100
8 49 100
8 51 100
8 55 100
8 60 100
8 62 100
8 65 100
8 66 100
8 67 100
8 70 100
8 73 100
8 75 100
8 78 100
8 82 100
8 86 100
8 88 100
8 94 100
8 97 100
8 98 100
8 99 100
9 4 100
9 8 100
9 10 100
9 13 100
9 16 100
9 17 100
9 20 100
9 22 100
9 24 100
9 26 100
9 29 100
9 30 100
9 37 100
9 43 100
9 44 100
9 45 100
9 48 100
9 49 100
9 50 100
9 57 100
9 63 100
9 65 100
9 66 100
9 67 100
9 68 100
9 70 100
9 74 100
9 75 100
9 76 100
9 77 100
9 78 100
9 79 100
9 81 100
9 82 100
9 84 100
9 85 100
9 89 100
9 91 100
9 93 100
9 94 100
9 96 100
9 99 100
10 1 100
10 2 100
10 3 100
10 4 100
10 7 100
10 8 100
10 9 100
10 16 100
10 21 100
10 22 100
10 27 100
10 28 100
10 29 100
10 33 100
10 34 100
10 36 100
10 38 100
10 39 100
10 40 100
10 43 100
10 47 100
10 48 100
10 49 100
10 51 100
10 54 100
10 57 100
10 60 100
10 62 100
10 70 100
10 71 100
10 77 100
10 78 100
10 79 100
10 82 100
10 85 100
10 86 100
10 89 100
10 90 100
10 91 100
10 93 100
10 94 100
10 95 100
10 98 100
11 1 100
11 5 100
11 7 100
11 12 100
11 13 100
11 14 100
11 15 100
11 18 100
11 19 100
11 20 100
11 22 100
11 23 100
11 25 100
11 26 100
11 27 100
11 28 100
11 33 100
11 34 100
11 36 100
11 40 100
11 41 100
11 48 100
11 52 100
11 54 100
11 58 100
11 59 100
11 60 100
11 61 100
11 63 100
11 65 100
11 74 100
11 75 100
11 76 100
11 77 100
11 78 100
11 83 100
11 84 100
11 93 100
11 94 100
12 3 100
12 8 100
12 11 100
12 13 100
12 16 100
12 22 100
12 23 100
12 24 100
12 26 100
12 28 100
12 33 100
12 35 100
12 37 100
12 42 100
12 44 100
12 47 100
12 48 100
12 50 100
12 51 100
12 55 100
12 56 100
12 60 100
12 62 100
12 67 100
12 69 100
12 71 100
12 72 100
12 74 100
12 75 100
12 78 100
12 82 100
12 85 100
12 89 100
12 90 100
12 93 100
13 5 100
13 6 100
13 7 100
13 8 100
13 9 100
13 11 100
13 12 100
13 15 100
13 16 100
13 21 100
13 23 100
13 25 100
13 28 100
13 30 100
13 31 100
13 34 100
13 36 100
13 38 100
13 41 100
13 43 100
13 44 100
13 50 100
13 52 100
13 53 100
13 54 100
13 61 100
13 62 100
13 63 100
13 65 100
13 66 100
13 70 100
13 71 100
13 74 100
13 80 100
13 81 100
13 84 100
13 86 100
13 90 100
13 92 100
13 96 100
13 97 100
14 1 100
14 11 100
14 15 100
14 17 100
14 18 100
14 20 100
14 23 100
14 24 100
14 27 100
14 28 100
14 30 100
14 32 100
14 34 100
14 37 100
14 38 100
14 40 100
14 43 100
14 46 100
14 49 100
14 52 100
14 53 100
14 54 100
14 55 100
14 60 100
14 64 100
14 66 100
14 68 100
14 70 100
14 71 100
14 73 100
14 75 100
14 77 100
14 79 100
14 80 100
14 81 100
14 83 100
14 84 100
14 87 100
14 88 100
14 90 100
14 97 100
14 99 100
15 3 100
15 5 100
15 11 100
15 13 100
15 14 100
15 16 100
15 18 100
15 20 100
15 21 100
15 22 100
15 24 100
15 25 100
15 27 100
15 29 100
15 33 100
15 34 100
15 39 100
15 44 100
15 49 100
15 50 100
15 53 100
15 62 100
15 67 100
15 70 100
15 71 100
15 72 100
15 75 100
15 77 100
15 81 100
15 88 100
15 89 100
15 92 100
15 93 100
15 96 100
15 99 100
16 5 100
16 6 100
16 9 100
16 10 100
16 12 100
16 13 100
16 15 100
16 18 100
16 20 100
16 22 100
16 24 100
16 25 100
16 26 100
16 30 100
16 36 100
16 37 100
16 43 100
16 47 100
16 49 100
16 52 100
16 53 100
16 56 100
16 59 100
16 61 100
16 63 100
16 65 100
16 66 100
16 68 100
16 69 100
16 73 100
16 74 100
16 80 100
16 83 100
16 87 100
16 88 100
16 89 100
16 93 100
16 95 100
16 96 100
16 97 100
17 2 100
17 4 100
17 5 100
17 8 100
17 9 100
17 14 100
17 18 100
17 21 100
17 22 100
17 23 100
17 25 100
17 31 100
17 34 100
17 40 100
17 43 100
17 45 100
17 48 100
17 50 100
17 51 100
17 52 100
17 58 100
17 63 100
17 66 100
17 67 100
17 68 100
17 71 100
17 78 100
17 80 100
17 82 100
17 85 100
17 86 100
17 87 100
17 97 100
17 98 100
17 99 100
18 3 100
18 4 100
18 5 100
18 6 100
18 7 100
18 11 100
18 14 100
18 15 100
18 16 100
18 17 100
18 19 100
18 20 100
18 22 100
18 29 100
18 30 100
18 31 100
18 32 100
18 35 100
18 36 100
18 42 100
18 44 100
18 45 100
18 46 100
18 47 100
18 53 100
18 59 100
18 62 100
18 65 100
18 66 100
18 68 100
18 71 100
18 73 100
18 74 100
18 76 100
18 77 100
18 78 100
18 80 100
18 81 100
18 82 100
18 83 100
18 86 100
18 92 100
18 94 100
18 95 100
18 98 100
19 6 100
19 7 100
19 11 100
19 18 100
19 25 100
19 26 100
19 27 100
19 31 100
19 32 100
19 35 100
19 38 100
19 45 100
19 46 100
19 49 100
19 51 100
19 54 100
19 55 100
19 56 100
19 63 100
19 64 100
19 65 100
19 70 100
19 71 100
19 74 100
19 76 100
19 77 100
19 80 100
19 81 100
19 83 100
19 88 100
19 91 100
19 94 100
19 98 100
20 2 100
20 5 100
20 9 100
20 11 100
20 14 100
20 15 100
20 16 100
20 18 100
20 22 100
20 23 100
20 26 100
20 27 100
20 29 100
20 30 100
20 31 100
20 32 100
20 35 100
20 37 100
20 41 100
20 42 100
20 44 100
20 54 100
20 55 100
20 57 100
20 58 100
20 59 100
20 66 100
20 67 100
20 68 100
20 70 100
20 74 100
20 77 100
20 78 100
20 84 100
20 86 100
20 87 100
20 91 100
20 93 100
20 95 100
20 98 100
20 99 100
21 1 100
21 2 100
21 3 100
21 4 100
21 6 100
21 7 100
21 10 100
21 13 100
21 15 100
21 17 100
21 22 100
21 27 100
21 28 100
21 30 100
21 40 100
21 43 100
21 44 100
21 49 100
21 51 100
21 55 100
21 62 100
21 66 100
21 69 100
21 70 100
21 72 100
21 73 100
21 74 100
21 75 100
21 76 100
21 81 100
21 83 100
21 84 100
21 88 100
21 91 100
21 96 100
21 99 100
22 3 100
22 6 100
22 7 100
22 8 100
22 9 100
22 10 100
22 11 100
22 12 100
22 15 100
22 16 100
22 17 100
22 18 100
22 20 100
22 21 100
22 24 100
22 26 100
22 29 100
22 30 100
22 32 100
22 33 100
22 36 100
22 37 100
22 38 100
22 39 100
22 40 100
22 41 100
22 44 100
22 53 100
22 55 100
22 59 100
22 60 100
22 61 100
22 62 100
22 63 100
22 65 100
22 69 100
22 71 100
22 72 100
22 73 100
22 74 100
22 75 100
22 82 100
22 85 100
22 86 100
22 87 100
22 88 100
22 92 100
22 93 100
22 95 100
22 98 100
23 2 100
23 4 100
23 5 100
23 11 100
23 12 100
23 13 100
23 14 100
23 17 100
23 20 100
23 24 100
23 25 100
23 27 100
23 28 100
23 29 100
23 31 100
23 33 100
23 35 100
23 36 100
23 38 100
23 40 100
23 41 100
23 42 100
23 43 100
23 44 100
23 48 100
23 49 100
23 50 100
23 51 100
23 52 100
23 53 100
23 54 100
23 61 100
23 64 100
23 67 100
23 71 100
23 73 100
23 74 100
23 77 100
23 79 100
23 80 100
23 82 100
23 85 100
23 86 100
23 87 100
23 88 100
23 90 100
23 92 100
23 94 100
24 2 100
24 7 100
24 9 100
24 12 100
24 14 100
24 15 100
24 16 100
24 22 100
24 23 100
24 25 100
24 31 100
24 33 100
24 35 100
24 38 100
24 42 100
24 44 100
24 48 100
24 49 100
24 50 100
24 51 100
24 52 100
24 54 100
24 55 100
24 56 100
24 57 100
24 58 100
24 59 100
24 61 100
24 62 100
24 68 100
24 72 100
24 78 100
24 81 100
24 83 100
24 90 100
24 97 100
24 99 100
25 2 100
25 3 100
25 11 100
25 13 100
25 15 100
25 16 100
25 17 100
25 19 100
25 23 100
25 24 100
25 27 100
25 28 100
25 29 100
25 30 100
25 32 100
25 37 100
25 41 100
25 43 100
25 47 100
25 49 100
25 56 100
25 58 100
25 64 100
25 69 100
25 72 100
25 73 100
25 74 100
25 75 100
25 80 100
25 82 100
25 85 100
25 88 100
25 94 100
25 95 100
25 96 100
25 97 100
25 98 100
25 99 100
26 2 100
26 3 100
26 4 100
26 5 100
26 9 100
26 11 100
26 12 100
26 16 100
26 19 100
26 20 100
26 22 100
26 30 100
26 31 100
26 32 100
26 35 100
26 36 100
26 37 100
26 38 100
26 39 100
26 42 100
26 44 100
26 45 100
26 51 100
26 55 100
26 56 100
26 57 100
26 60 100
26 61 100
26 64 100
26 65 100
26 66 100
26 69 100
26 72 100
26 73 100
26 76 100
26 77 100
26 81 100
26 88 100
26 89 100
26 90 100
26 95 100
26 98 100
26 99 100
27 4 100
27 5 100
27 10 100
27 11 100
27 14 100
27 15 100
27 19 100
27 20 100
27 21 100
27 23 100
27 25 100
27 28 100
27 33 100
27 34 100
27 35 100
27 37 100
27 38 100
27 42 100
27 49 100
27 50 100
27 52 100
27 53 100
27 56 100
27 57 100
27 58 100
27 60 100
27 63 100
27 65 100
27 67 100
27 69 100
27 71 100
27 72 100
27 79 100
27 80 100
27 81 100
27 83 100
27 84 100
27 85 100
27 86 100
27 87 100
27 88 100
27 89 100
27 91 100
27 93 100
27 94 100
27 96 100
28 4 100
28 6 100
28 10 100
28 11 100
28 12 100
28 13 100
28 14 100
28 21 100
28 23 100
28 25 100
28 27 100
28 29 100
28 34 100
28 41 100
28 43 100
28 44 100
28 46 100
28 48 100
28 50 100
28 53 100
28 54 100
28 60 100
28 63 100
28 64 100
28 65 100
28 69 100
28 70 100
28 72 100
28 73 100
28 77 100
28 79 100
28 80 100
28 83 100
28 87 100
28 91 100
28 93 100
28 94 100
28 95 100
28 96 100
28 98 100
28 99 100
29 2 100
29 8 100
29 9 100
29 10 100
29 15 100
29 18 100
29 20 100
29 22 100
29 23 100
29 25 100
29 28 100
29 34 100
29 38 100
29 39 100
29 42 100
29 44 100
29 45 100
29 48 100
29 52 100
29 55 100
29 56 100
29 57 100
29 64 100
29 68 100
29 73 100
29 74 100
29 75 100
29 78 100
29 81 100
29 86 100
29 88 100
29 89 100
29 90 100
29 91 100
29 92 100
29 95 100
29 96 100
29 97 100
29 98 100
29 99 100
30 1 100
30 2 100
30 4 100
30 7 100
30 8 100
30 9 100
30 13 100
30 14 100
30 16 100
30 18 100
30 20 100
30 21 100
30 22 100
30 25 100
30 26 100
30 32 100
30 34 100
30 35 100
30 36 100
30 38 100
30 39 100
30 40 100
30 41 100
30 42 100
30 43 100
30 45 100
30 47 100
30 49 100
30 53 100
30 55 100
30 57 100
30 61 100
30 64 100
30 69 100
30 71 100
30 73 100
30 79 100
30 80 100
30 81 100
30 82 100
30 83 100
30 90 100
30 91 100
30 93 100
30 96 100
30 97 100
31 3 100
31 4 100
31 13 100
31 17 100
31 18 100
31 19 100
31 20 100
31 23 100
31 24 100
31 26 100
31 35 100
31 37 100
31 38 100
31 39 100
31 44 100
31 47 100
31 48 100
31 50 100
31 52 100
31 53 100
31 54 100
31 57 100
31 60 100
31 61 100
31 64 100
31 65 100
31 66 100
31 68 100
31 73 100
31 78 100
31 84 100
31 85 100
31 86 100
31 90 100
31 91 100
31 92 100
31 93 100
31 95 100
31 98 100
31 99 100
32 2 100
32 5 100
32 6 100
32 7 100
32 8 100
32 14 100
32 18 100
32 19 100
32 20 100
32 22 100
32 25 100
32 26 100
32 30 100
32 34 100
32 36 100
32 37 100
32 38 100
32 43 100
32 44 100
32 46 100
32 48 100
32 55 100
32 58 100
32 59 100
32 61 100
32 62 100
32 63 100
32 65 100
32 67 100
32 69 100
32 70 100
32 72 100
32 74 100
32 79 100
32 85 100
32 89 100
32 90 100
32 91 100
32 96 100
33 7 100
33 8 100
33 10 100
33 11 100
33 12 100
33 15 100
33 22 100
33 23 100
33 24 100
33 27 100
33 34 100
33 35 100
33 36 100
33 44 100
33 45 100
33 47 100
33 49 100
33 50 100
33 53 100
33 54 100
33 57 100
33 60 100
33 63 100
33 65 100
33 75 100
33 77 100
33 83 100
33 85 100
33 86 100
33 88 100
33 89 100
33 93 100
33 99 100
34 2 100
34 5 100
34 10 100
34 11 100
34 13 100
34 14 100
34 15 100
34 17 100
34 27 100
34 28 100
34 29 100
34 30 100
34 32 100
34 33 100
34 35 100
34 36 100
34 37 100
34 39 100
34 43 100
34 45 100
34 46 100
34 47 100
34 49 100
34 57 100
34 67 100
34 68 100
34 70 100
34 71 100
34 72 100
34 74 100
34 76 100
34 80 100
34 82 100
34 85 100
34 90 100
34 91 100
34 93 100
34 97 100
35 5 100
35 8 100
35 12 100
35 18 100
35 19 100
35 20 100
35 23 100
35 24 100
35 26 100
35 27 100
35 30 100
35 31 100
35 33 100
35 34 100
35 36 100
35 39 100
35 44 100
35 45 100
35 46 100
35 48 100
35 49 100
35 51 100
35 53 100
35 56 100
35 59 100
35 65 100
35 66 100
35 70 100
35 71 100
35 72 100
35 73 100
35 76 100
35 78 100
35 80 100
35 82 100
35 84 100
35 86 100
35 89 100
35 90 100
36 1 100
36 6 100
36 7 100
36 10 100
36 11 100
36 13 100
36 16 100
36 18 100
36 22 100
36 23 100
36 26 100
36 30 100
36 32 100
36 33 100
36 34 100
36 35 100
36 37 100
36 38 100
36 42 100
36 45 100
36 46 100
36 48 100
36 49 100
36 50 100
36 51 100
36 53 100
36 63 100
36 64 100
36 65 100
36 66 100
36 71 100
36 73 100
36 75 100
36 76 100
36 77 100
36 78 100
36 79 100
36 84 100
36 85 100
36 86 100
36 88 100
36 90 100
36 91 100
36 97 100
36 99 100
37 5 100
37 6 100
37 7 100
37 9 100
37 12 100
37 14 100
37 16 100
37 20 100
37 22 100
37 25 100
37 26 100
37 27 100
37 31 100
37 32 100
37 34 100
37 36 100
37 40 100
37 43 100
37 44 100
37 45 100
37 50 100
37 51 100
37 53 100
37 54 100
37 55 100
37 58 100
37 61 100
37 65 100
37 66 100
37 68 100
37 69 100
37 70 100
37 71 100
37 74 100
37 75 100
37 76 100
37 79 100
37 81 100
37 84 100
37 87 100
37 88 100
37 89 100
37 90 100
37 95 100
37 96 100
38 3 100
38 6 100
38 7 100
38 8 100
38 10 100
38 13 100
38 14 100
38 19 100
38 22 100
38 23 100
38 24 100
38 26 100
38 27 100
38 29 100
38 30 100
38 31 100
38 32 100
38 36 100
38 39 100
38 48 100
38 52 100
38 54 100
38 55 100
38 60 100
38 62 100
38 63 100
38 64 100
38 65 100
38 68 100
38 71 100
38 74 100
38 75 100
38 76 100
38 81 100
38 82 100
38 83 100
38 85 100
38 86 100
38 87 100
38 94 100
38 96 100
38 98 100
38 99 100
39 1 100
39 3 100
39 10 100
39 15 100
39 22 100
39 26 100
39 29 100
39 30 100
39 31 100
39 34 100
39 35 100
39 38 100
39 41 100
39 43 100
39 44 100
39 49 100
39 50 100
39 56 100
39 57 100
39 59 100
39 62 100
39 63 100
39 65 100
39 67 100
39 70 100
39 72 100
39 75 100
39 76 100
39 77 100
39 78 100
39 79 100
39 82 100
39 86 100
39 88 100
39 89 100
39 91 100
39 93 100
39 94 100
39 96 100
39 98 100
40 1 100
40 7 100
40 10 100
40 11 100
40 14 100
40 17 100
40 21 100
40 22 100
40 23 100
40 30 100
40 37 100
40 42 100
40 43 100
40 46 100
40 47 100
40 49 100
40 50 100
40 52 100
40 54 100
40 56 100
40 59 100
40 61 100
40 64 100
40 66 100
40 67 100
40 71 100
40 72 100
40 75 100
40 76 100
40 80 100
40 83 100
40 84 100
40 88 100
40 89 100
40 90 100
40 91 100
40 95 100
40 96 100
40 98 100
41 2 100
41 5 100
41 6 100
41 11 100
41 13 100
41 20 100
41 22 100
41 23 100
41 25 100
41 28 100
41 30 100
41 39 100
41 43 100
41 48 100
41 51 100
41 53 100
41 54 100
41 55 100
41 63 100
41 71 100
41 75 100
41 76 100
41 77 100
41 79 100
41 80 100
41 82 100
41 83 100
41 85 100
41 86 100
41 90 100
41 94 100
41 98 100
41 99 100
42 1 100
42 5 100
42 6 100
42 7 100
42 8 100
42 12 100
42 18 100
42 20 100
42 23 100
42 24 100
42 26 100
42 27 100
42 29 100
42 30 100
42 36 100
42 40 100
42 43 100
42 44 100
42 46 100
42 47 100
42 48 100
42 52 100
42 58 100
42 60 100
42 62 100
42 67 100
42 69 100
42 72 100
42 76 100
42 77 100
42 78 100
42 81 100
42 83 100
42 84 100
42 88 100
42 89 100
42 90 100
42 91 100
42 96 100
42 97 100
42 98 100
43 3 100
43 4 100
43 5 100
43 9 100
43 10 100
43 13 100
43 14 100
43 16 100
43 17 100
43 21 100
43 23 100
43 25 100
43 28 100
43 30 100
43 32 100
43 34 100
43 37 100
43 39 100
43 40 100
43 41 100
43 42 100
43 48 100
43 50 100
43 53 100
43 55 100
43 56 100
43 57 100
43 59 100
43 61 100
43 64 100
43 65 100
43 66 100
43 68 100
43 70 100
43 73 100
43 76 100
43 78 100
43 81 100
43 86 100
43 87 100
43 89 100
43 92 100
43 93 100
43 94 100
43 95 100
43 96 100
43 97 100
43 99 100
44 3 100
44 6 100
44 7 100
44 9 100
44 12 100
44 13 100
44 15 100
44 18 100
44 20 100
44 21 100
44 22 100
44 23 100
44 24 100
44 26 100
44 28 100
44 29 100
44 31 100
44 32 100
44 33 100
44 35 100
44 37 100
44 39 100
44 42 100
44 46 100
44 48 100
44 49 100
44 51 100
44 56 100
44 57 100
44 60 100
44 61 100
44 65 100
44 68 100
44 70 100
44 75 100
44 77 100
44 79 100
44 81 100
44 87 100
44 88 100
44 91 100
44 92 100
44 93 100
45 4 100
45 9 100
45 17 100
45 18 100
45 19 100
45 26 100
45 29 100
45 30 100
45 33 100
45 34 100
45 35 100
45 36 100
45 37 100
45 47 100
45 53 100
45 58 100
45 61 100
45 64 100
45 68 100
45 70 100
45 71 100
45 73 100
45 77 100
45 79 100
45 81 100
45 89 100
45 90 100
45 92 100
45 93 100
45 97 100
46 14 100
46 18 100
46 19 100
46 28 100
46 32 100
46 34 100
46 35 100
46 36 100
46 40 100
46 42 100
46 44 100
46 47 100
46 50 100
46 51 100
46 52 100
46 54 100
46 55 100
46 58 100
46 60 100
46 61 100
46 65 100
46 67 100
46 69 100
46 71 100
46 72 100
46 74 100
46 77 100
46 78 100
46 80 100
46 82 100
46 83 100
46 85 100
46 87 100
46 90 100
46 91 100
46 96 100
46 97 100
46 98 100
47 2 100
47 3 100
47 4 100
47 10 100
47 12 100
47 16 100
47 18 100
47 25 100
47 30 100
47 31 100
47 33 100
47 34 100
47 40 100
47 42 100
47 45 100
47 46 100
47 50 100
47 51 100
47 53 100
47 54 100
47 56 100
47 57 100
47 63 100
47 65 100
47 66 100
47 71 100
47 72 100
47 73 100
47 78 100
47 83 100
47 85 100
47 86 100
47 87 100
47 89 100
47 92 100
47 97 100
47 99 100
48 2 100
48 4 100
48 9 100
48 10 100
48 11 100
48 12 100
48 17 100
48 23 100
48 24 100
48 28 100
48 29 100
48 31 100
48 32 100
48 35 100
48 36 100
48 38 100
48 41 100
48 42 100
48 43 100
48 44 100
48 49 100
48 50 100
48 51 100
48 52 100
48 56 100
48 64 100
48 66 100
48 69 100
48 72 100
48 75 100
48 80 100
48 84 100
48 85 100
48 86 100
48 89 100
48 94 100
49 1 100
49 3 100
49 4 100
49 5 100
49 8 100
49 9 100
49 10 100
49 14 100
49 15 100
49 16 100
49 19 100
49 21 100
49 23 100
49 24 100
49 25 100
49 27 100
49 30 100
49 33 100
49 34 100
49 35 100
49 36 100
49 39 100
49 40 100
49 44 100
49 48 100
49 51 100
49 53 100
49 58 100
49 61 100
49 70 100
49 72 100
49 74 100
49 75 100
49 76 100
49 79 100
49 83 100
49 84 100
49 88 100
49 90 100
49 95 100
49 97 100
50 1 100
50 3 100
50 4 100
50 9 100
50 12 100
50 13 100
50 15 100
50 17 100
50 23 100
50 24 100
50 27 100
50 28 100
50 31 100
50 33 100
50 36 100
50 37 100
50 39 100
50 40 100
50 43 100
50 46 100
50 47 100
50 48 100
50 52 100
50 54 100
50 63 100
50 64 100
50 65 100
50 66 100
50 68 100
50 69 100
50 73 100
50 79 100
50 84 100
50 85 100
50 89 100
50 90 100
50 91 100
50 93 100
50 94 100
50 95 100
50 97 100
50 99 100
51 5 100
51 6 100
51 7 100
51 8 100
51 10 100
51 12 100
51 17 100
51 19 100
51 21 100
51 23 100
51 24 100
51 26 100
51 35 100
51 36 100
51 37 100
51 41 100
51 44 100
51 46 100
51 47 100
51 48 100
51 49 100
51 52 100
51 54 100
51 56 100
51 57 100
51 58 100
51 60 100
51 61 100
51 62 100
51 63 100
51 64 100
51 67 100
51 69 100
51 70 100
51 74 100
51 77 100
51 78 100
51 88 100
51 89 100
51 94 100
52 4 100
52 5 100
52 7 100
52 11 100
52 13 100
52 14 100
52 16 100
52 17 100
52 23 100
52 24 100
52 27 100
52 29 100
52 31 100
52 38 100
52 40 100
52 42 100
52 46 100
52 48 100
52 50 100
52 51 100
52 54 100
52 55 100
52 56 100
52 57 100
52 59 100
52 65 100
52 67 100
52 72 100
52 73 100
52 76 100
52 78 100
52 81 100
52 82 100
52 84 100
52 85 100
52 86 100
52 88 100
52 93 100
52 95 100
52 97 100
52 98 100
52 99 100
53 3 100
53 4 100
53 5 100
53 6 100
53 13 100
53 14 100
53 15 100
53 16 100
53 18 100
53 22 100
53 23 100
53 27 100
53 28 100
53 30 100
53 31 100
53 33 100
53 35 100
53 36 100
53 37 100
53 41 100
53 43 100
53 45 100
53 47 100
53 49 100
53 56 100
53 57 100
53 60 100
53 64 100
53 68 100
53 70 100
53 71 100
53 75 100
53 76 100
53 79 100
53 81 100
53 82 100
53 86 100
53 87 100
53 88 100
53 91 100
53 94 100
53 96 100
53 97 100
53 98 100
53 99 100
54 1 100
54 2 100
54 4 100
54 5 100
54 10 100
54 11 100
54 13 100
54 14 100
54 19 100
54 20 100
54 23 100
54 24 100
54 28 100
54 31 100
54 33 100
54 37 100
54 38 100
54 40 100
54 41 100
54 46 100
54 47 100
54 50 100
54 51 100
54 52 100
54 58 100
54 61 100
54 62 100
54 64 100
54 65 100
54 70 100
54 72 100
54 73 100
54 75 100
54 76 100
54 80 100
54 84 100
54 85 100
54 86 100
54 88 100
54 92 100
54 93 100
54 95 100
54 98 100
55 1 100
55 4 100
55 8 100
55 12 100
55 14 100
55 19 100
55 20 100
55 21 100
55 22 100
55 24 100
55 26 100
55 29 100
55 30 100
55 32 100
55 37 100
55 38 100
55 41 100
55 43 100
55 46 100
55 52 100
55 60 100
55 63 100
55 65 100
55 68 100
55 71 100
55 73 100
55 80 100
55 82 100
55 83 100
55 84 100
55 90 100
55 92 100
55 95 100
55 97 100
55 98 100
55 99 100
56 1 100
56 2 100
56 5 100
56 7 100
56 12 100
56 16 100
56 19 100
56 24 100
56 25 100
56 26 100
56 27 100
56 29 100
56 35 100
56 39 100
56 40 100
56 43 100
56 44 100
56 47 100
56 48 100
56 51 100
56 52 100
56 53 100
56 57 100
56 59 100
56 62 100
56 64 100
56 66 100
56 69 100
56 73 100
56 76 100
56 77 100
56 78 100
56 80 100
56 82 100
56 83 100
56 91 100
56 92 100
56 94 100
56 95 100
56 96 100
56 99 100
57 2 100
57 6 100
57 9 100
57 10 100
57 20 100
57 24 100
57 26 100
57 27 100
57 29 100
57 30 100
57 31 100
57 33 100
57 34 100
57 39 100
57 43 100
57 44 100
57 47 100
57 51 100
57 52 100
57 53 100
57 56 100
57 59 100
57 64 100
57 66 100
57 67 100
57 68 100
57 71 100
57 73 100
57 78 100
57 79 100
57 83 100
57 85 100
57 86 100
57 87 100
57 89 100
57 93 100
57 94 100
57 96 100
57 98 100
57 99 100
58 5 100
58 11 100
58 17 100
58 20 100
58 24 100
58 25 100
58 27 100
58 32 100
58 37 100
58 42 100
58 45 100
58 46 100
58 49 100
58 51 100
58 54 100
58 59 100
58 61 100
58 68 100
58 69 100
58 70 100
58 72 100
58 75 100
58 78 100
58 79 100
58 84 100
58 85 100
58 86 100
58 88 100
58 90 100
58 91 100
58 94 100
58 97 100
58 99 100
59 2 100
59 4 100
59 5 100
59 11 100
59 16 100
59 18 100
59 20 100
59 22 100
59 24 100
59 32 100
59 35 100
59 39 100
59 40 100
59 43 100
59 52 100
59 56 100
59 57 100
59 58 100
59 60 100
59 61 100
59 62 100
59 63 100
59 65 100
59 66 100
59 75 100
59 76 100
59 79 100
59 80 100
59 82 100
59 83 100
59 88 100
59 92 100
59 93 100
59 94 100
59 96 100
59 97 100
59 98 100
60 1 100
60 2 100
60 4 100
60 6 100
60 7 100
60 8 100
60 10 100
60 11 100
60 12 100
60 14 100
60 22 100
60 26 100
60 27 100
60 28 100
60 31 100
60 33 100
60 38 100
60 42 100
60 44 100
60 46 100
60 51 100
60 53 100
60 55 100
60 59 100
60 65 100
60 66 100
60 68 100
60 70 100
60 72 100
60 74 100
60 75 100
60 76 100
60 78 100
60 81 100
60 82 100
60 84 100
60 85 100
60 87 100
60 88 100
60 89 100
60 90 100
60 92 100
60 96 100
60 98 100
61 1 100
61 2 100
61 5 100
61 11 100
61 13 100
61 16 100
61 22 100
61 23 100
61 24 100
61 26 100
61 30 100
61 31 100
61 32 100
61 37 100
61 40 100
61 43 100
61 44 100
61 45 100
61 46 100
61 49 100
61 51 100
61 54 100
61 58 100
61 59 100
61 64 100
61 70 100
61 71 100
61 72 100
61 73 100
61 74 100
61 76 100
61 78 100
61 79 100
61 80 100
61 82 100
61 83 100
61 84 100
61 85 100
61 86 100
61 87 100
61 89 100
61 90 100
61 92 100
61 98 100
62 7 100
62 8 100
62 10 100
62 12 100
62 13 100
62 15 100
62 18 100
62 21 100
62 22 100
62 24 100
62 32 100
62 38 100
62 39 100
62 42 100
62 51 100
62 54 100
62 56 100
62 59 100
62 65 100
62 71 100
62 72 100
62 82 100
62 83 100
62 87 100
62 88 100
62 89 100
62 92 100
62 93 100
62 95 100
62 96 100
62 97 100
62 99 100
63 4 100
63 7 100
63 9 100
63 11 100
63 13 100
63 16 100
63 17 100
63 19 100
63 22 100
63 27 100
63 28 100
63 32 100
63 33 100
63 36 100
63 38 100
63 39 100
63 41 100
63 47 100
63 50 100
63 51 100
63 55 100
63 59 100
63 65 100
63 67 100
63 72 100
63 75 100
63 82 100
63 83 100
63 87 100
63 89 100
63 90 100
63 93 100
63 97 100
64 1 100
64 14 100
64 19 100
64 23 100
64 25 100
64 26 100
64 28 100
64 29 100
64 30 100
64 31 100
64 36 100
64 38 100
64 40 100
64 43 100
64 45 100
64 48 100
64 50 100
64 51 100
64 53 100
64 54 100
64 56 100
64 57 100
64 61 100
64 70 100
64 73 100
64 75 100
64 78 100
64 79 100
64 81 100
64 82 100
64 83 100
64 86 100
64 87 100
64 88 100
64 90 100
65 2 100
65 4 100
65 5 100
65 8 100
65 9 100
65 11 100
65 13 100
65 16 100
65 18 100
65 19 100
65 22 100
65 26 100
65 27 100
65 28 100
65 31 100
65 32 100
65 33 100
65 35 100
65 36 100
65 37 100
65 38 100
65 39 100
65 43 100
65 44 100
65 46 100
65 47 100
65 50 100
65 52 100
65 54 100
65 55 100
65 59 100
65 60 100
65 62 100
65 63 100
65 67 100
65 70 100
65 74 100
65 75 100
65 76 100
65 78 100
65 81 100
65 82 100
65 85 100
65 86 100
65 87 100
65 92 100
65 95 100
65 97 100
65 99 100
66 2 100
66 6 100
66 7 100
66 8 100
66 9 100
66 13 100
66 14 100
66 16 100
66 17 100
66 18 100
66 20 100
66 21 100
66 26 100
66 31 100
66 35 100
66 36 100
66 37 100
66 40 100
66 43 100
66 47 100
66 48 100
66 50 100
66 56 100
66 57 100
66 59 100
66 60 100
66 69 100
66 70 100
66 71 100
66 75 100
66 80 100
66 81 100
66 82 100
66 85 100
66 98 100
66 99 100
67 3 100
67 4 100
67 5 100
67 6 100
67 7 100
67 8 100
67 9 100
67 12 100
67 15 100
67 17 100
67 20 100
67 23 100
67 27 100
67 32 100
67 34 100
67 39 100
67 40 100
67 42 100
67 46 100
67 51 100
67 52 100
67 57 100
67 63 100
67 65 100
67 68 100
67 69 100
67 74 100
67 76 100
67 77 100
67 78 100
67 82 100
67 83 100
67 84 100
67 89 100
67 91 100
67 95 100
67 97 100
68 1 100
68 3 100
68 4 100
68 5 100
68 7 100
68 9 100
68 14 100
68 16 100
68 17 100
68 18 100
68 20 100
68 24 100
68 29 100
68 31 100
68 34 100
68 37 100
68 38 100
68 43 100
68 44 100
68 45 100
68 50 100
68 53 100
68 55 100
68 57 100
68 58 100
68 60 100
68 67 100
68 69 100
68 73 100
68 74 100
68 76 100
68 82 100
68 84 100
68 86 100
68 90 100
68 92 100
68 95 100
68 96 100
68 98 100
69 2 100
69 4 100
69 6 100
69 12 100
69 16 100
69 21 100
69 22 100
69 25 100
69 26 100
69 27 100
69 28 100
69 30 100
69 32 100
69 37 100
69 42 100
69 46 100
69 48 100
69 50 100
69 51 100
69 56 100
69 58 100
69 66 100
69 67 100
69 68 100
69 72 100
69 73 100
69 87 100
69 89 100
69 94 100
69 95 100
70 1 100
70 4 100
70 6 100
70 8 100
70 9 100
70 10 100
70 13 100
70 14 100
70 15 100
70 19 100
70 20 100
70 21 100
70 28 100
70 32 100
70 34 100
70 35 100
70 37 100
70 39 100
70 43 100
70 44 100
70 45 100
70 49 100
70 51 100
70 53 100
70 54 100
70 58 100
70 60 100
70 61 100
70 64 100
70 65 100
70 66 100
70 71 100
70 72 100
70 79 100
70 80 100
70 81 100
70 82 100
70 83 100
70 84 100
70 85 100
70 86 100
70 87 100
70 91 100
70 93 100
70 97 100
70 98 100
71 2 100
71 6 100
71 10 100
71 12 100
71 13 100
71 14 100
71 15 100
71 17 100
71 18 100
71 19 100
71 22 100
71 23 100
71 27 100
71 30 100
71 34 100
71 35 100
71 36 100
71 37 100
71 38 100
71 40 100
71 41 100
71 45 100
71 46 100
71 47 100
71 53 100
71 55 100
71 57 100
71 61 100
71 62 100
71 66 100
71 70 100
71 76 100
71 78 100
71 79 100
71 82 100
71 83 100
71 85 100
71 87 100
71 94 100
71 99 100
72 1 100
72 3 100
72 4 100
72 12 100
72 15 100
72 21 100
72 22 100
72 24 100
72 25 100
72 26 100
72 27 100
72 28 100
72 32 100
72 34 100
72 35 100
72 39 100
72 40 100
72 42 100
72 46 100
72 47 100
72 48 100
72 49 100
72 52 100
72 54 100
72 58 100
72 60 100
72 61 100
72 62 100
72 63 100
72 69 100
72 70 100
72 73 100
72 74 100
72 79 100
72 82 100
72 93 100
72 94 100
72 99 100
73 2 100
73 4 100
73 8 100
73 14 100
73 16 100
73 18 100
73 21 100
73 22 100
73 23 100
73 25 100
73 26 100
73 28 100
73 29 100
73 30 100
73 31 100
73 35 100
73 36 100
73 43 100
73 45 100
73 47 100
73 50 100
73 52 100
73 54 100
73 55 100
73 56 100
73 57 100
73 61 100
73 64 100
73 68 100
73 69 100
73 72 100
73 74 100
73 76 100
73 81 100
73 83 100
73 89 100
73 92 100
73 93 100
73 95 100
73 98 100
73 99 100
74 3 100
74 5 100
74 6 100
74 7 100
74 9 100
74 11 100
74 12 100
74 13 100
74 16 100
74 18 100
74 19 100
74 20 100
74 21 100
74 22 100
74 23 100
74 25 100
74 29 100
74 32 100
74 34 100
74 37 100
74 38 100
74 46 100
74 49 100
74 51 100
74 60 100
74 61 100
74 65 100
74 67 100
74 68 100
74 72 100
74 73 100
74 77 100
74 78 100
74 80 100
74 81 100
74 84 100
74 85 100
74 86 100
74 87 100
74 92 100
74 98 100
74 99 100
75 6 100
75 8 100
75 9 100
75 11 100
75 12 100
75 14 100
75 15 100
75 21 100
75 22 100
75 25 100
75 29 100
75 33 100
75 36 100
75 37 100
75 38 100
75 39 100
75 40 100
75 41 100
75 44 100
75 48 100
75 49 100
75 53 100
75 54 100
75 58 100
75 59 100
75 60 100
75 63 100
75 64 100
75 65 100
75 66 100
75 76 100
75 77 100
75 78 100
75 79 100
75 80 100
75 83 100
75 85 100
75 87 100
75 91 100
75 95 100
75 96 100
76 2 100
76 3 100
76 4 100
76 7 100
76 9 100
76 11 100
76 18 100
76 19 100
76 21 100
76 26 100
76 34 100
76 35 100
76 36 100
76 37 100
76 38 100
76 39 100
76 40 100
76 41 100
76 42 100
76 43 100
76 49 100
76 52 100
76 53 100
76 54 100
76 56 100
76 59 100
76 60 100
76 61 100
76 65 100
76 67 100
76 68 100
76 71 100
76 73 100
76 75 100
76 79 100
76 84 100
76 85 100
76 86 100
76 88 100
76 89 100
76 90 100
76 91 100
76 92 100
77 1 100
77 4 100
77 6 100
77 9 100
77 10 100
77 11 100
77 14 100
77 15 100
77 18 100
77 19 100
77 20 100
77 23 100
77 26 100
77 28 100
77 33 100
77 36 100
77 39 100
77 41 100
77 42 100
77 44 100
77 45 100
77 46 100
77 51 100
77 56 100
77 67 100
77 74 100
77 75 100
77 81 100
77 82 100
77 84 100
77 86 100
77 87 100
77 90 100
77 92 100
77 96 100
77 98 100
78 7 100
78 8 100
78 9 100
78 10 100
78 11 100
78 12 100
78 17 100
78 18 100
78 20 100
78 24 100
78 29 100
78 31 100
78 35 100
78 36 100
78 39 100
78 42 100
78 43 100
78 46 100
78 47 100
78 51 100
78 52 100
78 56 100
78 57 100
78 58 100
78 60 100
78 61 100
78 64 100
78 65 100
78 67 100
78 71 100
78 74 100
78 75 100
78 83 100
78 85 100
78 86 100
78 93 100
78 95 100
78 97 100
79 1 100
79 2 100
79 3 100
79 4 100
79 6 100
79 9 100
79 10 100
79 14 100
79 23 100
79 27 100
79 28 100
79 30 100
79 32 100
79 36 100
79 37 100
79 39 100
79 41 100
79 44 100
79 45 100
79 49 100
79 50 100
79 53 100
79 57 100
79 58 100
79 59 100
79 61 100
79 64 100
79 70 100
79 71 100
79 72 100
79 75 100
79 76 100
79 80 100
79 82 100
79 83 100
79 85 100
79 87 100
79 88 100
79 92 100
79 94 100
79 98 100
80 3 100
80 5 100
80 7 100
80 13 100
80 14 100
80 16 100
80 17 100
80 18 100
80 19 100
80 23 100
80 25 100
80 27 100
80 28 100
80 30 100
80 34 100
80 35 100
80 40 100
80 41 100
80 46 100
80 48 100
80 54 100
80 55 100
80 56 100
80 59 100
80 61 100
80 66 100
80 70 100
80 74 100
80 75 100
80 79 100
80 82 100
80 86 100
80 87 100
80 88 100
80 90 100
80 92 100
80 93 100
80 95 100
80 97 100
81 2 100
81 7 100
81 9 100
81 13 100
81 14 100
81 15 100
81 18 100
81 19 100
81 21 100
81 24 100
81 26 100
81 27 100
81 29 100
81 30 100
81 37 100
81 38 100
81 42 100
81 43 100
81 44 100
81 45 100
81 52 100
81 53 100
81 60 100
81 64 100
81 65 100
81 66 100
81 70 100
81 73 100
81 74 100
81 77 100
81 82 100
81 85 100
81 88 100
81 89 100
81 93 100
81 94 100
81 95 100
81 97 100
81 99 100
82 6 100
82 7 100
82 8 100
82 9 100
82 10 100
82 12 100
82 17 100
82 18 100
82 22 100
82 23 100
82 25 100
82 30 100
82 34 100
82 35 100
82 38 100
82 39 100
82 41 100
82 46 100
82 52 100
82 53 100
82 55 100
82 56 100
82 59 100
82 60 100
82 61 100
82 62 100
82 63 100
82 64 100
82 65 100
82 66 100
82 67 100
82 68 100
82 70 100
82 71 100
82 72 100
82 77 100
82 79 100
82 80 100
82 81 100
82 83 100
82 88 100
82 90 100
82 91 100
82 93 100
82 98 100
82 99 100
83 1 100
83 2 100
83 6 100
83 11 100
83 14 100
83 16 100
83 18 100
83 19 100
83 21 100
83 24 100
83 27 100
83 28 100
83 30 100
83 33 100
83 38 100
83 40 100
83 41 100
83 42 100
83 46 100
83 47 100
83 49 100
83 55 100
83 56 100
83 57 100
83 59 100
83 61 100
83 62 100
83 63 100
83 64 100
83 67 100
83 70 100
83 71 100
83 73 100
83 75 100
83 78 100
83 79 100
83 82 100
83 86 100
83 89 100
83 92 100
83 93 100
83 94 100
83 96 100
83 97 100
84 4 100
84 9 100
84 11 100
84 13 100
84 14 100
84 20 100
84 21 100
84 27 100
84 31 100
84 35 100
84 36 100
84 37 100
84 40 100
84 42 100
84 48 100
84 49 100
84 50 100
84 52 100
84 54 100
84 55 100
84 58 100
84 60 100
84 61 100
84 67 100
84 68 100
84 70 100
84 74 100
84 76 100
84 77 100
84 88 100
84 90 100
84 94 100
84 95 100
84 97 100
84 98 100
85 7 100
85 9 100
85 10 100
85 12 100
85 17 100
85 22 100
85 23 100
85 25 100
85 27 100
85 31 100
85 32 100
85 33 100
85 34 100
85 36 100
85 38 100
85 41 100
85 46 100
85 47 100
85 48 100
85 50 100
85 52 100
85 54 100
85 57 100
85 58 100
85 60 100
85 61 100
85 65 100
85 66 100
85 70 100
85 71 100
85 74 100
85 75 100
85 76 100
85 78 100
85 79 100
85 81 100
85 89 100
85 92 100
85 93 100
85 94 100
85 95 100
85 98 100
85 99 100
86 2 100
86 4 100
86 8 100
86 10 100
86 13 100
86 17 100
86 18 100
86 20 100
86 22 100
86 23 100
86 27 100
86 29 100
86 31 100
86 33 100
86 35 100
86 36 100
86 38 100
86 39 100
86 41 100
86 43 100
86 47 100
86 48 100
86 52 100
86 53 100
86 54 100
86 57 100
86 58 100
86 61 100
86 64 100
86 65 100
86 68 100
86 70 100
86 74 100
86 76 100
86 77 100
86 78 100
86 80 100
86 83 100
86 89 100
86 94 100
86 98 100
86 99 100
87 1 100
87 3 100
87 4 100
87 6 100
87 7 100
87 14 100
87 16 100
87 17 100
87 20 100
87 22 100
87 23 100
87 27 100
87 28 100
87 37 100
87 38 100
87 43 100
87 44 100
87 46 100
87 47 100
87 53 100
87 57 100
87 60 100
87 61 100
87 62 100
87 63 100
87 64 100
87 65 100
87 69 100
87 70 100
87 71 100
87 74 100
87 75 100
87 77 100
87 79 100
87 80 100
87 89 100
87 93 100
87 95 100
87 99 100
88 3 100
88 6 100
88 8 100
88 14 100
88 15 100
88 16 100
88 19 100
88 21 100
88 22 100
88 23 100
88 25 100
88 26 100
88 27 100
88 29 100
88 33 100
88 36 100
88 37 100
88 39 100
88 40 100
88 42 100
88 44 100
88 49 100
88 51 100
88 52 100
88 53 100
88 54 100
88 58 100
88 59 100
88 60 100
88 62 100
88 64 100
88 76 100
88 79 100
88 80 100
88 81 100
88 82 100
88 84 100
88 89 100
88 93 100
89 9 100
89 10 100
89 12 100
89 15 100
89 16 100
89 26 100
89 27 100
89 29 100
89 32 100
89 33 100
89 35 100
89 37 100
89 39 100
89 40 100
89 42 100
89 43 100
89 45 100
89 47 100
89 48 100
89 50 100
89 51 100
89 57 100
89 60 100
89 61 100
89 62 100
89 63 100
89 67 100
89 69 100
89 73 100
89 76 100
89 81 100
89 83 100
89 85 100
89 86 100
89 87 100
89 88 100
89 91 100
89 93 100
89 95 100
89 96 100
89 98 100
90 3 100
90 5 100
90 10 100
90 12 100
90 13 100
90 14 100
90 23 100
90 24 100
90 26 100
90 29 100
90 30 100
90 31 100
90 32 100
90 34 100
90 35 100
90 36 100
90 37 100
90 40 100
90 41 100
90 42 100
90 45 100
90 46 100
90 49 100
90 50 100
90 55 100
90 58 100
90 60 100
90 61 100
90 63 100
90 64 100
90 68 100
90 76 100
90 77 100
90 80 100
90 82 100
90 84 100
90 93 100
90 95 100
91 1 100
91 2 100
91 3 100
91 6 100
91 9 100
91 10 100
91 19 100
91 20 100
91 21 100
91 27 100
91 28 100
91 29 100
91 30 100
91 31 100
91 32 100
91 34 100
91 36 100
91 39 100
91 40 100
91 42 100
91 44 100
91 46 100
91 50 100
91 53 100
91 56 100
91 58 100
91 67 100
91 70 100
91 75 100
91 76 100
91 82 100
91 89 100
91 94 100
91 95 100
91 98 100
92 5 100
92 13 100
92 15 100
92 18 100
92 22 100
92 23 100
92 29 100
92 31 100
92 43 100
92 44 100
92 45 100
92 47 100
92 54 100
92 55 100
92 56 100
92 59 100
92 60 100
92 61 100
92 62 100
92 65 100
92 68 100
92 73 100
92 74 100
92 76 100
92 77 100
92 79 100
92 80 100
92 83 100
92 85 100
92 96 100
92 97 100
93 4 100
93 9 100
93 10 100
93 11 100
93 12 100
93 15 100
93 16 100
93 20 100
93 22 100
93 27 100
93 28 100
93 30 100
93 31 100
93 33 100
93 34 100
93 39 100
93 43 100
93 44 100
93 45 100
93 50 100
93 52 100
93 54 100
93 57 100
93 59 100
93 62 100
93 63 100
93 70 100
93 72 100
93 73 100
93 78 100
93 80 100
93 81 100
93 82 100
93 83 100
93 85 100
93 87 100
93 88 100
93 89 100
93 90 100
93 95 100
93 98 100
93 99 100
94 3 100
94 6 100
94 7 100
94 8 100
94 9 100
94 10 100
94 11 100
94 18 100
94 19 100
94 23 100
94 25 100
94 27 100
94 28 100
94 38 100
94 39 100
94 41 100
94 43 100
94 48 100
94 50 100
94 51 100
94 53 100
94 56 100
94 57 100
94 58 100
94 59 100
94 69 100
94 71 100
94 72 100
94 79 100
94 81 100
94 83 100
94 84 100
94 85 100
94 86 100
94 91 100
94 95 100
94 99 100
95 1 100
95 2 100
95 10 100
95 16 100
95 18 100
95 20 100
95 22 100
95 25 100
95 26 100
95 28 100
95 29 100
95 31 100
95 37 100
95 40 100
95 43 100
95 49 100
95 50 100
95 52 100
95 54 100
95 55 100
95 56 100
95 62 100
95 65 100
95 67 100
95 68 100
95 69 100
95 73 100
95 75 100
95 78 100
95 80 100
95 81 100
95 84 100
95 85 100
95 87 100
95 89 100
95 90 100
95 91 100
95 93 100
95 94 100
95 96 100
95 97 100
95 99 100
96 1 100
96 3 100
96 4 100
96 6 100
96 9 100
96 13 100
96 15 100
96 16 100
96 21 100
96 25 100
96 27 100
96 28 100
96 29 100
96 30 100
96 32 100
96 37 100
96 38 100
96 39 100
96 40 100
96 42 100
96 43 100
96 46 100
96 53 100
96 56 100
96 57 100
96 59 100
96 60 100
96 62 100
96 68 100
96 75 100
96 77 100
96 83 100
96 89 100
96 92 100
96 95 100
96 97 100
96 98 100
97 5 100
97 6 100
97 7 100
97 8 100
97 13 100
97 14 100
97 16 100
97 17 100
97 24 100
97 25 100
97 29 100
97 30 100
97 34 100
97 36 100
97 42 100
97 43 100
97 45 100
97 46 100
97 47 100
97 49 100
97 50 100
97 52 100
97 53 100
97 55 100
97 58 100
97 59 100
97 62 100
97 63 100
97 65 100
97 67 100
97 70 100
97 78 100
97 80 100
97 81 100
97 83 100
97 84 100
97 92 100
97 95 100
97 96 100
97 99 100
98 2 100
98 3 100
98 5 100
98 6 100
98 8 100
98 10 100
98 17 100
98 18 100
98 19 100
98 20 100
98 22 100
98 25 100
98 26 100
98 28 100
98 29 100
98 31 100
98 38 100
98 39 100
98 40 100
98 41 100
98 42 100
98 46 100
98 52 100
98 53 100
98 54 100
98 55 100
98 57 100
98 59 100
98 60 100
98 61 100
98 66 100
98 68 100
98 70 100
98 73 100
98 74 100
98 77 100
98 79 100
98 82 100
98 84 100
98 85 100
98 86 100
98 89 100
98 91 100
98 93 100
98 96 100
98 99 100
3 t 100
4 t 100
6 t 100
7 t 100
8 t 100
9 t 100
14 t 100
15 t 100
17 t 100
20 t 100
21 t 100
24 t 100
25 t 100
26 t 100
28 t 100
29 t 100
31 t 100
33 t 100
36 t 100
38 t 100
41 t 100
43 t 100
47 t 100
50 t 100
52 t 100
53 t 100
55 t 100
56 t 100
57 t 100
58 t 100
62 t 100
65 t 100
66 t 100
71 t 100
72 t 100
73 t 100
74 t 100
81 t 100
82 t 100
85 t 100
86 t 100
87 t 100
93 t 100
94 t 100
95 t 100
97 t 100
98 t 100
