s 1 100
s 2 100
s 5 100
s 6 100
s 7 100
s 8 100
s 9 100
s 10 100
s 11 100
s 12 100
s 13 100
s 14 100
s 15 100
s 19 100
s 20 100
s 21 100
s 22 100
s 24 100
s 25 100
s 27 100
s 28 100
s 29 100
s 30 100
s 31 100
s 32 100
s 35 100
s 37 100
s 38 100
s 39 100
s 40 100
s 41 100
s 42 100
s 43 100
s 44 100
s 46 100
s 48 100
s 50 100
s 55 100
s 57 100
s 58 100
s 63 100
s 65 100
s 69 100
s 71 100
s 72 100
s 77 100
s 78 100
s 80 100
s 82 100
s 84 100
s 85 100
s 86 100
s 89 100
s 90 100
s 92 100
s 94 100
s 95 100
s 96 100
s 98 100
s 99 100
1 2 100
1 3 100
1 6 100
1 9 100
1 11 100
1 12 100
1 13 100
1 14 100
1 15 100
1 16 100
1 17 100
1 18 100
1 20 100
1 21 100
1 22 100
1 23 100
1 26 100
1 29 100
1 31 100
1 32 100
1 35 100
1 39 100
1 40 100
1 41 100
1 43 100
1 44 100
1 46 100
1 47 100
1 48 100
1 49 100
1 50 100
1 51 100
1 54 100
1 55 100
1 60 100
1 61 100
1 62 100
1 63 100
1 66 100
1 70 100
1 71 100
1 73 100
1 76 100
1 77 100
1 78 100
1 79 100
1 80 100
1 81 100
1 83 100
1 85 100
1 86 100
1 87 100
1 88 100
1 89 100
1 90 100
1 92 100
1 93 100
1 95 100
1 98 100
1 99 100
2 1 100
2 3 100
2 4 100
2 5 100
2 7 100
2 10 100
2 11 100
2 15 100
2 16 100
2 21 100
2 22 100
2 25 100
2 26 100
2 27 100
2 28 100
2 32 100
2 34 100
2 35 100
2 38 100
2 39 100
2 40 100
2 42 100
2 44 100
2 46 100
2 48 100
2 52 100
2 53 100
2 54 100
2 55 100
2 58 100
2 61 100
2 63 100
2 65 100
2 67 100
2 68 100
2 69 100
2 70 100
2 74 100
2 75 100
2 77 100
2 78 100
2 80 100
2 82 100
2 85 100
2 86 100
2 87 100
2 88 100
2 89 100
2 90 100
2 93 100
2 94 100
2 98 100
2 99 100
3 1 100
3 2 100
3 4 100
3 6 100
3 7 100
3 10 100
3 11 100
3 12 100
3 13 100
3 14 100
3 16 100
3 17 100
3 18 100
3 20 100
3 21 100
3 24 100
3 25 100
3 26 100
3 27 100
3 29 100
3 30 100
3 32 100
3 34 100
3 39 100
3 42 100
3 45 100
3 48 100
3 49 100
3 56 100
3 57 100
3 58 100
3 60 100
3 62 100
3 63 100
3 64 100
3 65 100
3 66 100
3 67 100
3 68 100
3 69 100
3 70 100
3 72 100
3 76 100
3 77 100
3 78 100
3 79 100
3 81 100
3 82 100
3 85 100
3 86 100
3 87 100
3 88 100
3 89 100
3 91 100
3 92 100
3 93 100
3 94 100
3 96 100
3 97 100
3 98 100
3 99 100
4 2 100
4 3 100
4 6 100
4 8 100
4 10 100
4 11 100
4 12 100
4 13 100
4 14 100
4 15 100
4 16 100
4 17 100
4 18 100
4 19 100
4 20 100
4 21 100
4 23 100
4 24 100
4 27 100
4 28 100
4 32 100
4 33 100
4 34 100
4 36 100
4 37 100
4 39 100
4 42 100
4 43 100
4 45 100
4 47 100
4 53 100
4 55 100
4 57 100
4 60 100
4 61 100
4 62 100
4 64 100
4 65 100
4 67 100
4 69 100
4 74 100
4 76 100
4 79 100
4 80 100
4 82 100
4 86 100
4 91 100
4 92 100
4 96 100
4 98 100
5 2 100
5 6 100
5 7 100
5 9 100
5 10 100
5 11 100
5 12 100
5 13 100
5 14 100
5 16 100
5 17 100
5 20 100
5 21 100
5 23 100
5 24 100
5 25 100
5 27 100
5 29 100
5 30 100
5 31 100
5 33 100
5 35 100
5 36 100
5 38 100
5 41 100
5 42 100
5 44 100
5 51 100
5 52 100
5 53 100
5 55 100
5 57 100
5 59 100
5 60 100
5 61 100
5 62 100
5 65 100
5 66 100
5 69 100
5 70 100
5 71 100
5 72 100
5 73 100
5 74 100
5 75 100
5 78 100
5 79 100
5 82 100
5 83 100
5 84 100
5 85 100
5 86 100
5 87 100
5 88 100
5 92 100
5 93 100
5 96 100
5 97 100
5 98 100
5 99 100
6 1 100
6 3 100
6 4 100
6 5 100
6 10 100
6 11 100
6 12 100
6 14 100
6 15 100
6 16 100
6 20 100
6 21 100
6 22 100
6 23 100
6 26 100
6 27 100
6 28 100
6 29 100
6 30 100
6 31 100
6 34 100
6 35 100
6 36 100
6 38 100
6 39 100
6 41 100
6 43 100
6 45 100
6 46 100
6 47 100
6 48 100
6 49 100
6 52 100
6 55 100
6 56 100
6 57 100
6 61 100
6 62 100
6 64 100
6 66 100
6 67 100
6 69 100
6 70 100
6 73 100
6 76 100
6 78 100
6 79 100
6 82 100
6 84 100
6 85 100
6 86 100
6 87 100
6 89 100
6 90 100
6 91 100
6 92 100
6 93 100
6 94 100
6 97 100
6 98 100
7 2 100
7 3 100
7 5 100
7 8 100
7 9 100
7 10 100
7 11 100
7 14 100
7 15 100
7 17 100
7 18 100
7 19 100
7 22 100
7 24 100
7 25 100
7 26 100
7 27 100
7 28 100
7 30 100
7 33 100
7 34 100
7 39 100
7 41 100
7 46 100
7 51 100
7 54 100
7 55 100
7 56 100
7 58 100
7 60 100
7 61 100
7 63 100
7 67 100
7 69 100
7 70 100
7 71 100
7 72 100
7 73 100
7 74 100
7 78 100
7 82 100
7 83 100
7 84 100
7 86 100
7 87 100
7 88 100
7 89 100
7 94 100
7 95 100
7 96 100
7 97 100
7 98 100
7 99 100
8 4 100
8 7 100
8 9 100
8 11 100
8 12 100
8 13 100
8 14 100
8 17 100
8 18 100
8 19 100
8 22 100
8 23 100
8 24 100
8 26 100
8 27 100
8 29 100
8 30 100
8 31 100
8 34 100
8 35 100
8 36 100
8 37 100
8 39 100
8 40 100
8 41 100
8 43 100
8 44 100
8 46 100
8 47 100
8 48 100
8 49 100
8 50 100
8 51 100
8 52 100
8 53 100
8 54 100
8 57 100
8 58 100
8 60 100
8 62 100
8 63 100
8 68 100
8 70 100
8 73 100
8 74 100
8 76 100
8 77 100
8 79 100
8 80 100
8 82 100
8 83 100
8 84 100
8 86 100
8 88 100
8 89 100
8 90 100
8 91 100
8 93 100
8 94 100
8 95 100
8 96 100
8 97 100
9 1 100
9 5 100
9 7 100
9 8 100
9 13 100
9 15 100
9 16 100
9 17 100
9 18 100
9 19 100
9 20 100
9 21 100
9 22 100
9 23 100
9 24 100
9 25 100
9 26 100
9 27 100
9 28 100
9 29 100
9 31 100
9 33 100
9 36 100
9 37 100
9 40 100
9 44 100
9 45 100
9 46 100
9 47 100
9 54 100
9 55 100
9 59 100
9 60 100
9 62 100
9 64 100
9 68 100
9 69 100
9 70 100
9 72 100
9 74 100
9 75 100
9 76 100
9 77 100
9 78 100
9 79 100
9 80 100
9 81 100
9 83 100
9 84 100
9 85 100
9 86 100
9 88 100
9 89 100
9 90 100
9 92 100
9 93 100
9 95 100
9 96 100
9 97 100
9 98 100
10 2 100
10 3 100
10 4 100
10 5 100
10 6 100
10 7 100
10 13 100
10 16 100
10 19 100
10 20 100
10 21 100
10 22 100
10 23 100
10 24 100
10 27 100
10 28 100
10 29 100
10 30 100
10 31 100
10 32 100
10 35 100
10 36 100
10 37 100
10 38 100
10 40 100
10 43 100
10 44 100
10 48 100
10 50 100
10 52 100
10 53 100
10 54 100
10 56 100
10 59 100
10 60 100
10 62 100
10 63 100
10 64 100
10 65 100
10 66 100
10 68 100
10 70 100
10 71 100
10 72 100
10 73 100
10 74 100
10 75 100
10 77 100
10 79 100
10 81 100
10 82 100
10 84 100
10 86 100
10 87 100
10 88 100
10 89 100
10 91 100
10 92 100
10 93 100
10 94 100
10 95 100
10 96 100
10 97 100
10 98 100
10 99 100
11 1 100
11 2 100
11 3 100
11 4 100
11 5 100
11 6 100
11 7 100
11 8 100
11 12 100
11 13 100
11 14 100
11 15 100
11 24 100
11 26 100
11 28 100
11 33 100
11 34 100
11 35 100
11 36 100
11 38 100
11 40 100
11 41 100
11 42 100
11 43 100
11 44 100
11 45 100
11 46 100
11 47 100
11 48 100
11 49 100
11 51 100
11 54 100
11 56 100
11 57 100
11 59 100
11 60 100
11 61 100
11 62 100
11 63 100
11 64 100
11 65 100
11 66 100
11 67 100
11 68 100
11 69 100
11 74 100
11 76 100
11 77 100
11 78 100
11 79 100
11 81 100
11 82 100
11 83 100
11 84 100
11 86 100
11 87 100
11 88 100
11 89 100
11 90 100
11 92 100
11 94 100
11 96 100
11 98 100
12 1 100
12 3 100
12 4 100
12 5 100
12 6 100
12 8 100
12 11 100
12 13 100
12 14 100
12 15 100
12 16 100
12 18 100
12 19 100
12 21 100
12 22 100
12 24 100
12 25 100
12 27 100
12 28 100
12 30 100
12 31 100
12 32 100
12 34 100
12 35 100
12 36 100
12 37 100
12 41 100
12 42 100
12 43 100
12 44 100
12 45 100
12 46 100
12 48 100
12 50 100
12 51 100
12 53 100
12 54 100
12 55 100
12 57 100
12 58 100
12 60 100
12 61 100
12 62 100
12 63 100
12 64 100
12 66 100
12 67 100
12 68 100
12 69 100
12 70 100
12 73 100
12 75 100
12 77 100
12 78 100
12 79 100
12 80 100
12 81 100
12 82 100
12 84 100
12 85 100
12 87 100
12 89 100
12 90 100
12 91 100
12 92 100
12 94 100
12 96 100
12 97 100
13 1 100
13 3 100
13 4 100
13 5 100
13 8 100
13 9 100
13 10 100
13 11 100
13 12 100
13 16 100
13 17 100
13 19 100
13 22 100
13 23 100
13 24 100
13 26 100
13 27 100
13 28 100
13 29 100
13 30 100
13 31 100
13 32 100
13 34 100
13 35 100
13 38 100
13 39 100
13 40 100
13 41 100
13 46 100
13 48 100
13 49 100
13 51 100
13 52 100
13 53 100
13 59 100
13 60 100
13 61 100
13 63 100
13 65 100
13 68 100
13 69 100
13 70 100
13 72 100
13 73 100
13 74 100
13 75 100
13 76 100
13 77 100
13 80 100
13 81 100
13 82 100
13 83 100
13 85 100
13 94 100
13 95 100
13 97 100
13 98 100
13 99 100
14 1 100
14 3 100
14 4 100
14 5 100
14 6 100
14 7 100
14 8 100
14 11 100
14 12 100
14 15 100
14 16 100
14 20 100
14 21 100
14 22 100
14 24 100
14 26 100
14 28 100
14 29 100
14 33 100
14 38 100
14 39 100
14 40 100
14 41 100
14 43 100
14 44 100
14 45 100
14 46 100
14 47 100
14 49 100
14 50 100
14 51 100
14 53 100
14 54 100
14 56 100
14 58 100
14 60 100
14 63 100
14 64 100
14 65 100
14 66 100
14 68 100
14 70 100
14 71 100
14 74 100
14 75 100
14 76 100
14 77 100
14 78 100
14 79 100
14 80 100
14 82 100
14 83 100
14 85 100
14 87 100
14 88 100
14 89 100
14 90 100
14 91 100
14 92 100
14 95 100
14 96 100
14 98 100
15 1 100
15 2 100
15 4 100
15 6 100
15 7 100
15 9 100
15 11 100
15 12 100
15 14 100
15 18 100
15 19 100
15 20 100
15 21 100
15 22 100
15 23 100
15 24 100
15 25 100
15 26 100
15 27 100
15 28 100
15 30 100
15 31 100
15 32 100
15 33 100
15 35 100
15 39 100
15 42 100
15 43 100
15 44 100
15 46 100
15 47 100
15 48 100
15 49 100
15 51 100
15 52 100
15 55 100
15 56 100
15 61 100
15 62 100
15 63 100
15 64 100
15 65 100
15 66 100
15 71 100
15 74 100
15 77 100
15 79 100
15 82 100
15 83 100
15 86 100
15 87 100
15 88 100
15 89 100
15 91 100
15 93 100
15 94 100
15 96 100
15 99 100
16 1 100
16 2 100
16 3 100
16 4 100
16 5 100
16 6 100
16 9 100
16 10 100
16 12 100
16 13 100
16 14 100
16 18 100
16 21 100
16 22 100
16 23 100
16 24 100
16 25 100
16 31 100
16 32 100
16 33 100
16 34 100
16 37 100
16 38 100
16 39 100
16 41 100
16 45 100
16 48 100
16 49 100
16 52 100
16 53 100
16 54 100
16 55 100
16 56 100
16 57 100
16 58 100
16 61 100
16 65 100
16 66 100
16 67 100
16 69 100
16 71 100
16 73 100
16 74 100
16 75 100
16 76 100
16 77 100
16 78 100
16 79 100
16 83 100
16 84 100
16 86 100
16 87 100
16 88 100
16 92 100
16 94 100
16 95 100
16 98 100
16 99 100
17 1 100
17 3 100
17 4 100
17 5 100
17 7 100
17 8 100
17 9 100
17 13 100
17 20 100
17 21 100
17 22 100
17 23 100
17 25 100
17 28 100
17 29 100
17 32 100
17 33 100
17 34 100
17 35 100
17 37 100
17 39 100
17 41 100
17 44 100
17 45 100
17 48 100
17 49 100
17 50 100
17 51 100
17 52 100
17 54 100
17 57 100
17 58 100
17 60 100
17 62 100
17 63 100
17 65 100
17 67 100
17 69 100
17 70 100
17 71 100
17 72 100
17 73 100
17 75 100
17 78 100
17 79 100
17 81 100
17 82 100
17 85 100
17 86 100
17 87 100
17 88 100
17 89 100
17 91 100
17 92 100
17 93 100
17 94 100
17 95 100
17 98 100
18 1 100
18 3 100
18 4 100
18 7 100
18 8 100
18 9 100
18 12 100
18 15 100
18 16 100
18 19 100
18 20 100
18 23 100
18 24 100
18 25 100
18 26 100
18 30 100
18 31 100
18 34 100
18 38 100
18 39 100
18 41 100
18 42 100
18 43 100
18 46 100
18 48 100
18 50 100
18 51 100
18 52 100
18 54 100
18 55 100
18 56 100
18 58 100
18 59 100
18 60 100
18 62 100
18 63 100
18 64 100
18 65 100
18 67 100
18 68 100
18 70 100
18 71 100
18 72 100
18 74 100
18 76 100
18 77 100
18 81 100
18 82 100
18 86 100
18 89 100
18 90 100
18 91 100
18 92 100
18 95 100
18 96 100
19 4 100
19 7 100
19 8 100
19 9 100
19 10 100
19 12 100
19 13 100
19 15 100
19 18 100
19 21 100
19 22 100
19 25 100
19 26 100
19 28 100
19 29 100
19 30 100
19 32 100
19 33 100
19 35 100
19 36 100
19 39 100
19 41 100
19 42 100
19 45 100
19 46 100
19 47 100
19 50 100
19 51 100
19 52 100
19 54 100
19 56 100
19 57 100
19 58 100
19 59 100
19 60 100
19 61 100
19 64 100
19 65 100
19 66 100
19 67 100
19 68 100
19 69 100
19 70 100
19 71 100
19 72 100
19 75 100
19 76 100
19 78 100
19 79 100
19 80 100
19 82 100
19 83 100
19 84 100
19 85 100
19 86 100
19 87 100
19 90 100
19 95 100
19 97 100
19 98 100
19 99 100
20 1 100
20 3 100
20 4 100
20 5 100
20 6 100
20 9 100
20 10 100
20 14 100
20 15 100
20 17 100
20 18 100
20 22 100
20 23 100
20 24 100
20 25 100
20 26 100
20 27 100
20 29 100
20 31 100
20 32 100
20 33 100
20 38 100
20 40 100
20 41 100
20 42 100
20 44 100
20 45 100
20 48 100
20 49 100
20 50 100
20 54 100
20 55 100
20 56 100
20 57 100
20 59 100
20 60 100
20 61 100
20 63 100
20 65 100
20 66 100
20 67 100
20 68 100
20 69 100
20 70 100
20 72 100
20 74 100
20 75 100
20 76 100
20 77 100
20 78 100
20 79 100
20 81 100
20 84 100
20 85 100
20 89 100
20 90 100
20 92 100
20 94 100
20 95 100
20 96 100
20 97 100
20 98 100
20 99 100
21 1 100
21 2 100
21 3 100
21 4 100
21 5 100
21 6 100
21 9 100
21 10 100
21 12 100
21 14 100
21 15 100
21 16 100
21 17 100
21 19 100
21 23 100
21 24 100
21 27 100
21 28 100
21 29 100
21 31 100
21 34 100
21 36 100
21 37 100
21 38 100
21 39 100
21 40 100
21 41 100
21 42 100
21 43 100
21 44 100
21 48 100
21 53 100
21 54 100
21 55 100
21 58 100
21 61 100
21 62 100
21 63 100
21 64 100
21 65 100
21 69 100
21 70 100
21 72 100
21 73 100
21 74 100
21 75 100
21 76 100
21 77 100
21 79 100
21 82 100
21 83 100
21 84 100
21 85 100
21 86 100
21 87 100
21 88 100
21 89 100
21 90 100
21 91 100
21 95 100
21 97 100
22 1 100
22 2 100
22 6 100
22 7 100
22 8 100
22 9 100
22 10 100
22 12 100
22 13 100
22 14 100
22 15 100
22 16 100
22 17 100
22 19 100
22 20 100
22 23 100
22 24 100
22 25 100
22 27 100
22 32 100
22 37 100
22 38 100
22 39 100
22 40 100
22 43 100
22 44 100
22 45 100
22 47 100
22 48 100
22 49 100
22 50 100
22 51 100
22 53 100
22 60 100
22 61 100
22 62 100
22 63 100
22 64 100
22 66 100
22 67 100
22 68 100
22 69 100
22 70 100
22 72 100
22 73 100
22 75 100
22 76 100
22 78 100
22 79 100
22 81 100
22 84 100
22 85 100
22 88 100
22 89 100
22 90 100
22 93 100
22 95 100
22 96 100
22 98 100
23 1 100
23 4 100
23 5 100
23 6 100
23 8 100
23 9 100
23 10 100
23 13 100
23 15 100
23 16 100
23 17 100
23 18 100
23 20 100
23 21 100
23 22 100
23 24 100
23 27 100
23 31 100
23 32 100
23 34 100
23 36 100
23 38 100
23 40 100
23 41 100
23 42 100
23 43 100
23 44 100
23 45 100
23 47 100
23 49 100
23 50 100
23 51 100
23 52 100
23 53 100
23 55 100
23 58 100
23 60 100
23 62 100
23 63 100
23 64 100
23 66 100
23 68 100
23 69 100
23 71 100
23 72 100
23 73 100
23 74 100
23 75 100
23 76 100
23 77 100
23 79 100
23 81 100
23 83 100
23 85 100
23 86 100
23 87 100
23 90 100
23 91 100
23 92 100
23 93 100
23 94 100
23 95 100
23 96 100
23 98 100
23 99 100
24 3 100
24 4 100
24 5 100
24 7 100
24 8 100
24 9 100
24 10 100
24 11 100
24 12 100
24 13 100
24 14 100
24 15 100
24 16 100
24 18 100
24 20 100
24 21 100
24 22 100
24 23 100
24 25 100
24 26 100
24 28 100
24 30 100
24 31 100
24 32 100
24 33 100
24 35 100
24 39 100
24 41 100
24 42 100
24 43 100
24 46 100
24 48 100
24 49 100
24 54 100
24 57 100
24 60 100
24 61 100
24 63 100
24 66 100
24 67 100
24 68 100
24 69 100
24 71 100
24 73 100
24 76 100
24 77 100
24 79 100
24 84 100
24 85 100
24 88 100
24 90 100
24 91 100
24 94 100
24 96 100
25 2 100
25 3 100
25 5 100
25 7 100
25 9 100
25 12 100
25 15 100
25 16 100
25 17 100
25 18 100
25 19 100
25 20 100
25 22 100
25 24 100
25 26 100
25 30 100
25 31 100
25 34 100
25 39 100
25 40 100
25 42 100
25 44 100
25 45 100
25 46 100
25 49 100
25 51 100
25 53 100
25 54 100
25 56 100
25 58 100
25 60 100
25 61 100
25 63 100
25 66 100
25 67 100
25 70 100
25 71 100
25 72 100
25 74 100
25 75 100
25 78 100
25 80 100
25 85 100
25 86 100
25 89 100
25 90 100
25 91 100
25 97 100
25 98 100
25 99 100
26 1 100
26 2 100
26 3 100
26 6 100
26 7 100
26 8 100
26 9 100
26 11 100
26 13 100
26 14 100
26 15 100
26 18 100
26 19 100
26 20 100
26 24 100
26 25 100
26 27 100
26 30 100
26 31 100
26 32 100
26 37 100
26 40 100
26 42 100
26 43 100
26 44 100
26 46 100
26 47 100
26 49 100
26 50 100
26 52 100
26 54 100
26 55 100
26 56 100
26 58 100
26 60 100
26 61 100
26 63 100
26 65 100
26 67 100
26 68 100
26 70 100
26 71 100
26 73 100
26 74 100
26 77 100
26 79 100
26 81 100
26 83 100
26 87 100
26 90 100
26 91 100
26 92 100
26 93 100
26 96 100
26 98 100
26 99 100
27 2 100
27 3 100
27 4 100
27 5 100
27 6 100
27 7 100
27 8 100
27 9 100
27 10 100
27 12 100
27 13 100
27 15 100
27 20 100
27 21 100
27 22 100
27 23 100
27 26 100
27 28 100
27 31 100
27 35 100
27 36 100
27 38 100
27 41 100
27 42 100
27 44 100
27 47 100
27 48 100
27 49 100
27 50 100
27 51 100
27 52 100
27 53 100
27 54 100
27 55 100
27 56 100
27 58 100
27 59 100
27 60 100
27 62 100
27 63 100
27 66 100
27 70 100
27 71 100
27 72 100
27 74 100
27 75 100
27 76 100
27 77 100
27 78 100
27 79 100
27 80 100
27 81 100
27 82 100
27 83 100
27 87 100
27 88 100
27 90 100
27 91 100
27 92 100
27 93 100
27 94 100
27 97 100
27 99 100
28 2 100
28 4 100
28 6 100
28 7 100
28 9 100
28 10 100
28 11 100
28 12 100
28 13 100
28 14 100
28 15 100
28 17 100
28 19 100
28 21 100
28 24 100
28 27 100
28 30 100
28 31 100
28 33 100
28 35 100
28 36 100
28 38 100
28 39 100
28 40 100
28 43 100
28 45 100
28 46 100
28 48 100
28 49 100
28 52 100
28 53 100
28 54 100
28 56 100
28 61 100
28 62 100
28 63 100
28 64 100
28 65 100
28 66 100
28 67 100
28 68 100
28 69 100
28 71 100
28 75 100
28 78 100
28 80 100
28 82 100
28 83 100
28 84 100
28 85 100
28 87 100
28 88 100
28 93 100
28 95 100
28 96 100
28 98 100
29 1 100
29 3 100
29 5 100
29 6 100
29 8 100
29 9 100
29 10 100
29 13 100
29 14 100
29 17 100
29 19 100
29 20 100
29 21 100
29 30 100
29 31 100
29 32 100
29 33 100
29 34 100
29 35 100
29 36 100
29 37 100
29 39 100
29 40 100
29 42 100
29 43 100
29 46 100
29 47 100
29 49 100
29 50 100
29 51 100
29 52 100
29 53 100
29 54 100
29 55 100
29 56 100
29 59 100
29 61 100
29 64 100
29 65 100
29 67 100
29 69 100
29 70 100
29 71 100
29 73 100
29 74 100
29 75 100
29 76 100
29 77 100
29 78 100
29 79 100
29 80 100
29 83 100
29 84 100
29 85 100
29 86 100
29 88 100
29 90 100
29 94 100
29 96 100
29 97 100
29 98 100
29 99 100
30 3 100
30 5 100
30 6 100
30 7 100
30 8 100
30 10 100
30 12 100
30 13 100
30 15 100
30 18 100
30 19 100
30 24 100
30 25 100
30 26 100
30 28 100
30 29 100
30 31 100
30 33 100
30 35 100
30 36 100
30 37 100
30 40 100
30 45 100
30 46 100
30 47 100
30 51 100
30 52 100
30 53 100
30 55 100
30 58 100
30 60 100
30 61 100
30 62 100
30 66 100
30 67 100
30 68 100
30 69 100
30 70 100
30 73 100
30 74 100
30 76 100
30 78 100
30 79 100
30 83 100
30 84 100
30 86 100
30 92 100
30 93 100
30 94 100
30 95 100
30 96 100
30 97 100
30 98 100
31 1 100
31 5 100
31 6 100
31 8 100
31 9 100
31 10 100
31 12 100
31 13 100
31 15 100
31 16 100
31 18 100
31 20 100
31 21 100
31 23 100
31 24 100
31 25 100
31 26 100
31 27 100
31 28 100
31 29 100
31 30 100
31 32 100
31 33 100
31 35 100
31 37 100
31 40 100
31 41 100
31 42 100
31 43 100
31 44 100
31 45 100
31 46 100
31 48 100
31 49 100
31 50 100
31 51 100
31 52 100
31 53 100
31 54 100
31 62 100
31 63 100
31 65 100
31 66 100
31 67 100
31 69 100
31 72 100
31 73 100
31 74 100
31 75 100
31 78 100
31 80 100
31 82 100
31 83 100
31 84 100
31 85 100
31 86 100
31 87 100
31 88 100
31 91 100
31 92 100
31 93 100
31 95 100
31 96 100
31 98 100
32 1 100
32 2 100
32 3 100
32 4 100
32 10 100
32 12 100
32 13 100
32 15 100
32 16 100
32 17 100
32 19 100
32 20 100
32 22 100
32 23 100
32 24 100
32 26 100
32 29 100
32 31 100
32 33 100
32 35 100
32 36 100
32 37 100
32 39 100
32 40 100
32 41 100
32 46 100
32 49 100
32 50 100
32 51 100
32 53 100
32 54 100
32 55 100
32 56 100
32 58 100
32 60 100
32 61 100
32 62 100
32 64 100
32 65 100
32 67 100
32 69 100
32 71 100
32 72 100
32 73 100
32 76 100
32 77 100
32 78 100
32 79 100
32 81 100
32 83 100
32 87 100
32 88 100
32 91 100
32 93 100
32 96 100
32 97 100
33 4 100
33 5 100
33 7 100
33 9 100
33 11 100
33 14 100
33 15 100
33 16 100
33 17 100
33 19 100
33 20 100
33 24 100
33 28 100
33 29 100
33 30 100
33 31 100
33 32 100
33 34 100
33 35 100
33 36 100
33 37 100
33 40 100
33 41 100
33 42 100
33 43 100
33 44 100
33 46 100
33 49 100
33 50 100
33 51 100
33 52 100
33 54 100
33 55 100
33 57 100
33 58 100
33 59 100
33 61 100
33 62 100
33 63 100
33 64 100
33 65 100
33 66 100
33 67 100
33 68 100
33 69 100
33 70 100
33 72 100
33 74 100
33 77 100
33 78 100
33 80 100
33 81 100
33 82 100
33 83 100
33 85 100
33 87 100
33 88 100
33 89 100
33 90 100
33 93 100
33 94 100
33 95 100
33 96 100
33 97 100
33 98 100
33 99 100
34 2 100
34 3 100
34 4 100
34 6 100
34 7 100
34 8 100
34 11 100
34 12 100
34 13 100
34 16 100
34 17 100
34 18 100
34 21 100
34 23 100
34 25 100
34 29 100
34 33 100
34 36 100
34 37 100
34 38 100
34 43 100
34 45 100
34 49 100
34 56 100
34 57 100
34 61 100
34 62 100
34 63 100
34 65 100
34 66 100
34 68 100
34 70 100
34 71 100
34 72 100
34 73 100
34 76 100
34 77 100
34 79 100
34 82 100
34 83 100
34 85 100
34 86 100
34 91 100
34 94 100
34 95 100
34 96 100
34 97 100
34 98 100
34 99 100
35 1 100
35 2 100
35 5 100
35 6 100
35 8 100
35 10 100
35 11 100
35 12 100
35 13 100
35 15 100
35 17 100
35 19 100
35 24 100
35 27 100
35 28 100
35 29 100
35 30 100
35 31 100
35 32 100
35 33 100
35 36 100
35 37 100
35 38 100
35 40 100
35 42 100
35 43 100
35 44 100
35 45 100
35 46 100
35 47 100
35 48 100
35 49 100
35 50 100
35 54 100
35 56 100
35 58 100
35 60 100
35 61 100
35 67 100
35 68 100
35 70 100
35 71 100
35 72 100
35 74 100
35 75 100
35 76 100
35 78 100
35 79 100
35 80 100
35 81 100
35 82 100
35 83 100
35 84 100
35 88 100
35 90 100
35 91 100
35 92 100
35 95 100
35 96 100
35 97 100
35 98 100
35 99 100
36 4 100
36 5 100
36 6 100
36 8 100
36 9 100
36 10 100
36 11 100
36 12 100
36 19 100
36 21 100
36 23 100
36 27 100
36 28 100
36 29 100
36 30 100
36 32 100
36 33 100
36 34 100
36 35 100
36 39 100
36 40 100
36 41 100
36 44 100
36 45 100
36 46 100
36 49 100
36 51 100
36 53 100
36 55 100
36 56 100
36 58 100
36 59 100
36 61 100
36 63 100
36 66 100
36 67 100
36 68 100
36 72 100
36 73 100
36 74 100
36 77 100
36 78 100
36 79 100
36 80 100
36 84 100
36 85 100
36 87 100
36 88 100
36 93 100
36 95 100
36 96 100
36 97 100
36 98 100
37 4 100
37 8 100
37 9 100
37 10 100
37 12 100
37 16 100
37 17 100
37 21 100
37 22 100
37 26 100
37 29 100
37 30 100
37 31 100
37 32 100
37 33 100
37 34 100
37 35 100
37 39 100
37 40 100
37 42 100
37 43 100
37 46 100
37 47 100
37 48 100
37 49 100
37 51 100
37 56 100
37 57 100
37 59 100
37 60 100
37 61 100
37 62 100
37 64 100
37 67 100
37 68 100
37 69 100
37 71 100
37 73 100
37 75 100
37 77 100
37 78 100
37 81 100
37 83 100
37 84 100
37 85 100
37 86 100
37 87 100
37 88 100
37 90 100
37 93 100
37 94 100
37 99 100
38 2 100
38 5 100
38 6 100
38 10 100
38 11 100
38 13 100
38 14 100
38 16 100
38 18 100
38 20 100
38 21 100
38 22 100
38 23 100
38 27 100
38 28 100
38 34 100
38 35 100
38 39 100
38 41 100
38 42 100
38 45 100
38 46 100
38 48 100
38 49 100
38 50 100
38 51 100
38 52 100
38 53 100
38 54 100
38 55 100
38 56 100
38 57 100
38 58 100
38 60 100
38 64 100
38 67 100
38 68 100
38 70 100
38 71 100
38 73 100
38 74 100
38 75 100
38 76 100
38 80 100
38 81 100
38 82 100
38 84 100
38 85 100
38 87 100
38 88 100
38 90 100
38 91 100
38 94 100
38 95 100
38 97 100
38 98 100
39 1 100
39 2 100
39 3 100
39 4 100
39 6 100
39 7 100
39 8 100
39 13 100
39 14 100
39 15 100
39 16 100
39 17 100
39 18 100
39 19 100
39 21 100
39 22 100
39 24 100
39 25 100
39 28 100
39 29 100
39 32 100
39 36 100
39 37 100
39 38 100
39 40 100
39 42 100
39 45 100
39 47 100
39 48 100
39 49 100
39 51 100
39 52 100
39 53 100
39 54 100
39 55 100
39 58 100
39 59 100
39 62 100
39 64 100
39 67 100
39 69 100
39 70 100
39 72 100
39 73 100
39 76 100
39 80 100
39 81 100
39 82 100
39 83 100
39 85 100
39 86 100
39 87 100
39 88 100
39 91 100
39 92 100
39 93 100
39 95 100
39 99 100
40 1 100
40 2 100
40 8 100
40 9 100
40 10 100
40 11 100
40 13 100
40 14 100
40 20 100
40 21 100
40 22 100
40 23 100
40 25 100
40 26 100
40 28 100
40 29 100
40 30 100
40 31 100
40 32 100
40 33 100
40 35 100
40 36 100
40 37 100
40 39 100
40 41 100
40 43 100
40 44 100
40 45 100
40 46 100
40 48 100
40 51 100
40 52 100
40 53 100
40 54 100
40 55 100
40 56 100
40 61 100
40 62 100
40 64 100
40 65 100
40 66 100
40 73 100
40 75 100
40 76 100
40 78 100
40 80 100
40 81 100
40 82 100
40 85 100
40 87 100
40 88 100
40 89 100
40 90 100
40 92 100
40 93 100
40 95 100
40 98 100
41 1 100
41 5 100
41 6 100
41 7 100
41 8 100
41 11 100
41 12 100
41 13 100
41 14 100
41 16 100
41 17 100
41 18 100
41 19 100
41 20 100
41 21 100
41 23 100
41 24 100
41 27 100
41 31 100
41 32 100
41 33 100
41 36 100
41 38 100
41 40 100
41 42 100
41 43 100
41 44 100
41 45 100
41 46 100
41 47 100
41 48 100
41 49 100
41 50 100
41 51 100
41 52 100
41 55 100
41 57 100
41 58 100
41 59 100
41 61 100
41 62 100
41 64 100
41 66 100
41 68 100
41 69 100
41 71 100
41 72 100
41 74 100
41 75 100
41 76 100
41 79 100
41 83 100
41 84 100
41 85 100
41 87 100
41 89 100
41 91 100
41 92 100
41 93 100
41 96 100
41 97 100
41 98 100
41 99 100
42 2 100
42 3 100
42 4 100
42 5 100
42 11 100
42 12 100
42 15 100
42 18 100
42 19 100
42 20 100
42 21 100
42 23 100
42 24 100
42 25 100
42 26 100
42 27 100
42 29 100
42 31 100
42 33 100
42 35 100
42 37 100
42 38 100
42 39 100
42 41 100
42 44 100
42 45 100
42 46 100
42 49 100
42 51 100
42 53 100
42 60 100
42 63 100
42 64 100
42 66 100
42 67 100
42 68 100
42 70 100
42 71 100
42 73 100
42 74 100
42 75 100
42 76 100
42 78 100
42 79 100
42 80 100
42 81 100
42 82 100
42 83 100
42 84 100
42 85 100
42 86 100
42 87 100
42 89 100
42 91 100
42 92 100
42 93 100
42 94 100
42 95 100
42 96 100
42 97 100
43 1 100
43 4 100
43 6 100
43 8 100
43 10 100
43 11 100
43 12 100
43 14 100
43 15 100
43 18 100
43 21 100
43 22 100
43 23 100
43 24 100
43 26 100
43 28 100
43 29 100
43 31 100
43 33 100
43 34 100
43 35 100
43 37 100
43 40 100
43 41 100
43 46 100
43 48 100
43 50 100
43 51 100
43 52 100
43 53 100
43 54 100
43 55 100
43 56 100
43 58 100
43 60 100
43 63 100
43 66 100
43 69 100
43 70 100
43 71 100
43 72 100
43 76 100
43 78 100
43 80 100
43 81 100
43 82 100
43 83 100
43 84 100
43 86 100
43 87 100
43 88 100
43 89 100
43 91 100
43 92 100
43 93 100
43 95 100
43 96 100
43 97 100
43 98 100
44 1 100
44 2 100
44 5 100
44 8 100
44 9 100
44 10 100
44 11 100
44 12 100
44 14 100
44 15 100
44 17 100
44 20 100
44 21 100
44 22 100
44 23 100
44 25 100
44 26 100
44 27 100
44 31 100
44 33 100
44 35 100
44 36 100
44 40 100
44 41 100
44 42 100
44 45 100
44 47 100
44 48 100
44 50 100
44 51 100
44 52 100
44 54 100
44 55 100
44 56 100
44 60 100
44 61 100
44 62 100
44 63 100
44 64 100
44 65 100
44 66 100
44 68 100
44 70 100
44 75 100
44 76 100
44 78 100
44 79 100
44 81 100
44 82 100
44 83 100
44 85 100
44 86 100
44 88 100
44 89 100
44 93 100
44 98 100
44 99 100
45 3 100
45 4 100
45 6 100
45 9 100
45 11 100
45 12 100
45 14 100
45 16 100
45 17 100
45 19 100
45 20 100
45 22 100
45 23 100
45 25 100
45 28 100
45 30 100
45 31 100
45 34 100
45 35 100
45 36 100
45 38 100
45 39 100
45 40 100
45 41 100
45 42 100
45 44 100
45 46 100
45 48 100
45 49 100
45 50 100
45 51 100
45 52 100
45 53 100
45 55 100
45 56 100
45 57 100
45 58 100
45 59 100
45 60 100
45 61 100
45 62 100
45 64 100
45 65 100
45 66 100
45 67 100
45 68 100
45 69 100
45 70 100
45 71 100
45 73 100
45 74 100
45 75 100
45 78 100
45 80 100
45 81 100
45 82 100
45 83 100
45 84 100
45 85 100
45 86 100
45 89 100
45 90 100
45 92 100
45 93 100
45 94 100
45 96 100
46 1 100
46 2 100
46 6 100
46 7 100
46 8 100
46 9 100
46 11 100
46 12 100
46 13 100
46 14 100
46 15 100
46 18 100
46 19 100
46 24 100
46 25 100
46 26 100
46 28 100
46 29 100
46 30 100
46 31 100
46 32 100
46 33 100
46 35 100
46 36 100
46 37 100
46 38 100
46 40 100
46 41 100
46 42 100
46 43 100
46 45 100
46 47 100
46 48 100
46 50 100
46 51 100
46 52 100
46 55 100
46 59 100
46 61 100
46 62 100
46 63 100
46 64 100
46 67 100
46 68 100
46 69 100
46 70 100
46 71 100
46 72 100
46 74 100
46 75 100
46 76 100
46 77 100
46 83 100
46 84 100
46 85 100
46 87 100
46 89 100
46 90 100
46 91 100
46 92 100
46 94 100
46 96 100
46 97 100
46 99 100
47 1 100
47 4 100
47 6 100
47 8 100
47 9 100
47 11 100
47 14 100
47 15 100
47 19 100
47 22 100
47 23 100
47 26 100
47 27 100
47 29 100
47 30 100
47 35 100
47 37 100
47 39 100
47 41 100
47 44 100
47 46 100
47 49 100
47 50 100
47 51 100
47 52 100
47 53 100
47 57 100
47 58 100
47 61 100
47 62 100
47 63 100
47 65 100
47 66 100
47 67 100
47 69 100
47 70 100
47 71 100
47 72 100
47 73 100
47 74 100
47 75 100
47 78 100
47 79 100
47 80 100
47 81 100
47 84 100
47 86 100
47 87 100
47 89 100
47 90 100
47 91 100
47 92 100
47 94 100
47 95 100
47 97 100
47 99 100
48 1 100
48 2 100
48 3 100
48 6 100
48 8 100
48 10 100
48 11 100
48 12 100
48 13 100
48 15 100
48 16 100
48 17 100
48 18 100
48 20 100
48 21 100
48 22 100
48 24 100
48 27 100
48 28 100
48 31 100
48 35 100
48 37 100
48 38 100
48 39 100
48 40 100
48 41 100
48 43 100
48 44 100
48 45 100
48 46 100
48 49 100
48 50 100
48 52 100
48 53 100
48 56 100
48 57 100
48 58 100
48 59 100
48 60 100
48 61 100
48 63 100
48 65 100
48 66 100
48 69 100
48 71 100
48 72 100
48 76 100
48 78 100
48 80 100
48 81 100
48 83 100
48 87 100
48 89 100
48 90 100
48 91 100
48 92 100
48 95 100
48 96 100
48 97 100
49 1 100
49 3 100
49 6 100
49 8 100
49 11 100
49 13 100
49 14 100
49 15 100
49 16 100
49 17 100
49 20 100
49 22 100
49 23 100
49 24 100
49 25 100
49 26 100
49 27 100
49 28 100
49 29 100
49 31 100
49 32 100
49 33 100
49 34 100
49 35 100
49 36 100
49 37 100
49 38 100
49 39 100
49 41 100
49 42 100
49 45 100
49 47 100
49 48 100
49 51 100
49 53 100
49 55 100
49 56 100
49 60 100
49 62 100
49 66 100
49 71 100
49 72 100
49 73 100
49 74 100
49 75 100
49 76 100
49 77 100
49 78 100
49 79 100
49 80 100
49 81 100
49 82 100
49 83 100
49 84 100
49 85 100
49 91 100
49 92 100
49 93 100
49 96 100
49 98 100
49 99 100
50 1 100
50 8 100
50 10 100
50 12 100
50 14 100
50 17 100
50 18 100
50 19 100
50 20 100
50 22 100
50 23 100
50 26 100
50 27 100
50 29 100
50 31 100
50 32 100
50 33 100
50 35 100
50 38 100
50 41 100
50 43 100
50 44 100
50 45 100
50 46 100
50 47 100
50 48 100
50 51 100
50 55 100
50 57 100
50 58 100
50 59 100
50 61 100
50 64 100
50 65 100
50 66 100
50 67 100
50 70 100
50 71 100
50 72 100
50 73 100
50 74 100
50 75 100
50 76 100
50 78 100
50 79 100
50 80 100
50 81 100
50 84 100
50 86 100
50 87 100
50 88 100
50 89 100
50 90 100
50 91 100
50 92 100
50 94 100
50 96 100
50 98 100
51 1 100
51 5 100
51 7 100
51 8 100
51 11 100
51 12 100
51 13 100
51 14 100
51 15 100
51 17 100
51 18 100
51 19 100
51 22 100
51 23 100
51 25 100
51 27 100
51 29 100
51 30 100
51 31 100
51 32 100
51 33 100
51 36 100
51 37 100
51 38 100
51 39 100
51 40 100
51 41 100
51 42 100
51 43 100
51 44 100
51 45 100
51 46 100
51 47 100
51 49 100
51 50 100
51 53 100
51 55 100
51 56 100
51 57 100
51 58 100
51 59 100
51 63 100
51 64 100
51 66 100
51 67 100
51 68 100
51 73 100
51 74 100
51 76 100
51 80 100
51 81 100
51 83 100
51 84 100
51 85 100
51 86 100
51 87 100
51 89 100
51 90 100
51 92 100
51 94 100
51 95 100
51 96 100
51 97 100
51 98 100
52 2 100
52 5 100
52 6 100
52 8 100
52 10 100
52 13 100
52 15 100
52 16 100
52 17 100
52 18 100
52 19 100
52 23 100
52 26 100
52 27 100
52 28 100
52 29 100
52 30 100
52 31 100
52 33 100
52 38 100
52 39 100
52 40 100
52 41 100
52 43 100
52 44 100
52 45 100
52 46 100
52 47 100
52 48 100
52 54 100
52 55 100
52 57 100
52 58 100
52 59 100
52 60 100
52 61 100
52 64 100
52 66 100
52 68 100
52 70 100
52 71 100
52 72 100
52 74 100
52 75 100
52 76 100
52 77 100
52 78 100
52 81 100
52 82 100
52 83 100
52 84 100
52 85 100
52 86 100
52 87 100
52 91 100
52 93 100
52 94 100
52 95 100
52 97 100
53 2 100
53 4 100
53 5 100
53 8 100
53 10 100
53 12 100
53 13 100
53 14 100
53 16 100
53 21 100
53 22 100
53 23 100
53 25 100
53 27 100
53 28 100
53 29 100
53 30 100
53 31 100
53 32 100
53 36 100
53 38 100
53 39 100
53 40 100
53 42 100
53 43 100
53 45 100
53 47 100
53 48 100
53 49 100
53 51 100
53 55 100
53 56 100
53 57 100
53 58 100
53 60 100
53 61 100
53 62 100
53 63 100
53 64 100
53 66 100
53 69 100
53 70 100
53 72 100
53 73 100
53 74 100
53 75 100
53 76 100
53 77 100
53 80 100
53 81 100
53 82 100
53 83 100
53 84 100
53 86 100
53 87 100
53 88 100
53 89 100
53 91 100
53 93 100
53 94 100
53 95 100
53 97 100
53 99 100
54 1 100
54 2 100
54 7 100
54 8 100
54 9 100
54 10 100
54 11 100
54 12 100
54 14 100
54 16 100
54 17 100
54 18 100
54 19 100
54 20 100
54 21 100
54 24 100
54 25 100
54 26 100
54 27 100
54 28 100
54 29 100
54 31 100
54 32 100
54 33 100
54 35 100
54 38 100
54 39 100
54 40 100
54 43 100
54 44 100
54 52 100
54 55 100
54 56 100
54 57 100
54 60 100
54 61 100
54 62 100
54 64 100
54 65 100
54 70 100
54 71 100
54 73 100
54 74 100
54 75 100
54 77 100
54 78 100
54 79 100
54 82 100
54 83 100
54 85 100
54 87 100
54 88 100
54 90 100
54 92 100
54 93 100
54 94 100
54 95 100
54 98 100
54 99 100
55 1 100
55 2 100
55 4 100
55 5 100
55 6 100
55 7 100
55 9 100
55 12 100
55 15 100
55 16 100
55 18 100
55 20 100
55 21 100
55 23 100
55 26 100
55 27 100
55 29 100
55 30 100
55 32 100
55 33 100
55 36 100
55 38 100
55 39 100
55 40 100
55 41 100
55 43 100
55 44 100
55 45 100
55 46 100
55 49 100
55 50 100
55 51 100
55 52 100
55 53 100
55 54 100
55 56 100
55 58 100
55 59 100
55 60 100
55 61 100
55 62 100
55 63 100
55 71 100
55 75 100
55 78 100
55 79 100
55 80 100
55 81 100
55 82 100
55 84 100
55 85 100
55 86 100
55 88 100
55 89 100
55 90 100
55 94 100
55 95 100
55 96 100
55 98 100
55 99 100
56 3 100
56 6 100
56 7 100
56 10 100
56 11 100
56 14 100
56 15 100
56 16 100
56 18 100
56 19 100
56 20 100
56 25 100
56 26 100
56 27 100
56 28 100
56 29 100
56 32 100
56 34 100
56 35 100
56 36 100
56 37 100
56 38 100
56 40 100
56 43 100
56 44 100
56 45 100
56 48 100
56 49 100
56 51 100
56 53 100
56 54 100
56 55 100
56 57 100
56 58 100
56 59 100
56 60 100
56 61 100
56 62 100
56 64 100
56 65 100
56 67 100
56 68 100
56 70 100
56 71 100
56 73 100
56 74 100
56 75 100
56 76 100
56 77 100
56 80 100
56 81 100
56 82 100
56 83 100
56 84 100
56 85 100
56 86 100
56 87 100
56 92 100
56 96 100
56 97 100
56 98 100
56 99 100
57 3 100
57 4 100
57 5 100
57 6 100
57 8 100
57 11 100
57 12 100
57 16 100
57 17 100
57 19 100
57 20 100
57 24 100
57 33 100
57 34 100
57 37 100
57 38 100
57 41 100
57 45 100
57 47 100
57 48 100
57 50 100
57 51 100
57 52 100
57 53 100
57 54 100
57 56 100
57 58 100
57 59 100
57 61 100
57 62 100
57 63 100
57 65 100
57 68 100
57 71 100
57 73 100
57 74 100
57 75 100
57 76 100
57 77 100
57 80 100
57 81 100
57 83 100
57 84 100
57 86 100
57 87 100
57 88 100
57 90 100
57 92 100
57 93 100
57 95 100
57 97 100
57 98 100
57 99 100
58 2 100
58 3 100
58 7 100
58 8 100
58 12 100
58 14 100
58 16 100
58 17 100
58 18 100
58 19 100
58 21 100
58 23 100
58 25 100
58 26 100
58 27 100
58 30 100
58 32 100
58 33 100
58 35 100
58 36 100
58 38 100
58 39 100
58 41 100
58 43 100
58 45 100
58 47 100
58 48 100
58 50 100
58 51 100
58 52 100
58 53 100
58 55 100
58 56 100
58 57 100
58 59 100
58 60 100
58 62 100
58 63 100
58 64 100
58 67 100
58 68 100
58 69 100
58 75 100
58 76 100
58 77 100
58 78 100
58 80 100
58 81 100
58 82 100
58 83 100
58 84 100
58 85 100
58 86 100
58 87 100
58 89 100
58 90 100
58 91 100
58 94 100
58 95 100
58 96 100
58 97 100
58 99 100
59 5 100
59 9 100
59 10 100
59 11 100
59 13 100
59 18 100
59 19 100
59 20 100
59 27 100
59 29 100
59 33 100
59 36 100
59 37 100
59 39 100
59 41 100
59 45 100
59 46 100
59 48 100
59 50 100
59 51 100
59 52 100
59 55 100
59 56 100
59 57 100
59 58 100
59 61 100
59 62 100
59 63 100
59 64 100
59 65 100
59 66 100
59 69 100
59 70 100
59 72 100
59 73 100
59 74 100
59 75 100
59 77 100
59 79 100
59 84 100
59 85 100
59 88 100
59 90 100
59 91 100
59 92 100
59 94 100
59 97 100
59 99 100
60 1 100
60 3 100
60 4 100
60 5 100
60 7 100
60 8 100
60 9 100
60 10 100
60 11 100
60 12 100
60 13 100
60 14 100
60 17 100
60 18 100
60 19 100
60 20 100
60 22 100
60 23 100
60 24 100
60 25 100
60 26 100
60 27 100
60 30 100
60 32 100
60 35 100
60 37 100
60 38 100
60 42 100
60 43 100
60 44 100
60 45 100
60 48 100
60 49 100
60 52 100
60 53 100
60 54 100
60 55 100
60 56 100
60 58 100
60 63 100
60 64 100
60 67 100
60 73 100
60 75 100
60 76 100
60 79 100
60 81 100
60 90 100
60 91 100
60 93 100
60 95 100
60 96 100
60 97 100
60 98 100
60 99 100
61 1 100
61 2 100
61 4 100
61 5 100
61 6 100
61 7 100
61 11 100
61 12 100
61 13 100
61 15 100
61 16 100
61 19 100
61 20 100
61 21 100
61 22 100
61 24 100
61 25 100
61 26 100
61 28 100
61 29 100
61 30 100
61 32 100
61 33 100
61 34 100
61 35 100
61 36 100
61 37 100
61 40 100
61 41 100
61 44 100
61 45 100
61 46 100
61 47 100
61 48 100
61 50 100
61 52 100
61 53 100
61 54 100
61 55 100
61 56 100
61 57 100
61 59 100
61 66 100
61 67 100
61 68 100
61 69 100
61 70 100
61 71 100
61 76 100
61 77 100
61 79 100
61 81 100
61 87 100
61 88 100
61 89 100
61 91 100
61 94 100
61 96 100
61 97 100
61 98 100
62 1 100
62 3 100
62 4 100
62 5 100
62 6 100
62 8 100
62 9 100
62 10 100
62 11 100
62 12 100
62 15 100
62 17 100
62 18 100
62 21 100
62 22 100
62 23 100
62 27 100
62 28 100
62 30 100
62 31 100
62 32 100
62 33 100
62 34 100
62 37 100
62 39 100
62 40 100
62 41 100
62 44 100
62 45 100
62 46 100
62 47 100
62 49 100
62 53 100
62 54 100
62 55 100
62 56 100
62 57 100
62 58 100
62 59 100
62 65 100
62 66 100
62 67 100
62 70 100
62 71 100
62 73 100
62 75 100
62 76 100
62 77 100
62 78 100
62 81 100
62 82 100
62 85 100
62 88 100
62 89 100
62 90 100
62 91 100
62 95 100
62 99 100
63 1 100
63 2 100
63 3 100
63 7 100
63 8 100
63 10 100
63 11 100
63 12 100
63 13 100
63 14 100
63 15 100
63 17 100
63 18 100
63 20 100
63 21 100
63 22 100
63 23 100
63 24 100
63 25 100
63 26 100
63 27 100
63 28 100
63 31 100
63 33 100
63 34 100
63 36 100
63 42 100
63 43 100
63 44 100
63 46 100
63 47 100
63 48 100
63 51 100
63 53 100
63 55 100
63 57 100
63 58 100
63 59 100
63 60 100
63 65 100
63 66 100
63 67 100
63 69 100
63 70 100
63 72 100
63 73 100
63 74 100
63 75 100
63 76 100
63 77 100
63 81 100
63 82 100
63 83 100
63 86 100
63 87 100
63 88 100
63 92 100
63 93 100
63 94 100
63 95 100
63 96 100
63 97 100
63 98 100
63 99 100
64 3 100
64 4 100
64 6 100
64 9 100
64 10 100
64 11 100
64 12 100
64 14 100
64 15 100
64 18 100
64 19 100
64 21 100
64 22 100
64 23 100
64 28 100
64 29 100
64 32 100
64 33 100
64 37 100
64 38 100
64 39 100
64 40 100
64 41 100
64 42 100
64 44 100
64 45 100
64 46 100
64 50 100
64 51 100
64 52 100
64 53 100
64 54 100
64 56 100
64 58 100
64 59 100
64 60 100
64 65 100
64 67 100
64 68 100
64 69 100
64 71 100
64 72 100
64 73 100
64 74 100
64 75 100
64 78 100
64 79 100
64 80 100
64 81 100
64 82 100
64 84 100
64 85 100
64 89 100
64 90 100
64 92 100
64 94 100
64 95 100
64 99 100
65 2 100
65 3 100
65 4 100
65 5 100
65 10 100
65 11 100
65 13 100
65 14 100
65 15 100
65 16 100
65 17 100
65 18 100
65 19 100
65 20 100
65 21 100
65 26 100
65 28 100
65 29 100
65 31 100
65 32 100
65 33 100
65 34 100
65 40 100
65 44 100
65 45 100
65 47 100
65 48 100
65 50 100
65 54 100
65 56 100
65 57 100
65 59 100
65 62 100
65 63 100
65 64 100
65 66 100
65 67 100
65 68 100
65 69 100
65 72 100
65 73 100
65 76 100
65 77 100
65 78 100
65 79 100
65 80 100
65 81 100
65 82 100
65 84 100
65 85 100
65 88 100
65 89 100
65 91 100
65 92 100
66 1 100
66 3 100
66 5 100
66 6 100
66 10 100
66 11 100
66 12 100
66 14 100
66 15 100
66 16 100
66 19 100
66 20 100
66 22 100
66 23 100
66 24 100
66 25 100
66 27 100
66 28 100
66 30 100
66 31 100
66 33 100
66 34 100
66 36 100
66 40 100
66 41 100
66 42 100
66 43 100
66 44 100
66 45 100
66 47 100
66 48 100
66 49 100
66 50 100
66 51 100
66 52 100
66 53 100
66 59 100
66 61 100
66 62 100
66 63 100
66 65 100
66 70 100
66 72 100
66 74 100
66 75 100
66 77 100
66 79 100
66 80 100
66 81 100
66 82 100
66 85 100
66 87 100
66 90 100
66 92 100
66 93 100
66 95 100
66 97 100
66 99 100
67 2 100
67 3 100
67 4 100
67 6 100
67 7 100
67 11 100
67 12 100
67 16 100
67 17 100
67 18 100
67 19 100
67 20 100
67 22 100
67 24 100
67 25 100
67 26 100
67 28 100
67 29 100
67 30 100
67 31 100
67 32 100
67 33 100
67 35 100
67 36 100
67 37 100
67 38 100
67 39 100
67 42 100
67 45 100
67 46 100
67 47 100
67 50 100
67 51 100
67 56 100
67 58 100
67 60 100
67 61 100
67 62 100
67 63 100
67 64 100
67 65 100
67 69 100
67 70 100
67 72 100
67 73 100
67 74 100
67 75 100
67 76 100
67 77 100
67 78 100
67 79 100
67 84 100
67 86 100
67 88 100
67 89 100
67 91 100
67 93 100
67 96 100
67 97 100
68 2 100
68 3 100
68 8 100
68 9 100
68 10 100
68 11 100
68 12 100
68 13 100
68 14 100
68 18 100
68 19 100
68 20 100
68 22 100
68 23 100
68 24 100
68 26 100
68 28 100
68 30 100
68 33 100
68 34 100
68 35 100
68 36 100
68 37 100
68 38 100
68 41 100
68 42 100
68 44 100
68 45 100
68 46 100
68 51 100
68 52 100
68 56 100
68 57 100
68 58 100
68 61 100
68 64 100
68 65 100
68 69 100
68 71 100
68 72 100
68 74 100
68 76 100
68 77 100
68 78 100
68 79 100
68 81 100
68 84 100
68 85 100
68 86 100
68 89 100
68 90 100
68 91 100
68 92 100
68 93 100
68 97 100
68 98 100
69 2 100
69 3 100
69 4 100
69 5 100
69 6 100
69 7 100
69 9 100
69 11 100
69 12 100
69 13 100
69 16 100
69 17 100
69 19 100
69 20 100
69 21 100
69 22 100
69 23 100
69 24 100
69 28 100
69 29 100
69 30 100
69 31 100
69 32 100
69 33 100
69 37 100
69 39 100
69 41 100
69 43 100
69 45 100
69 46 100
69 47 100
69 48 100
69 53 100
69 58 100
69 59 100
69 61 100
69 63 100
69 64 100
69 65 100
69 67 100
69 68 100
69 71 100
69 72 100
69 73 100
69 75 100
69 77 100
69 78 100
69 80 100
69 83 100
69 84 100
69 85 100
69 86 100
69 91 100
69 92 100
69 93 100
69 94 100
69 95 100
69 96 100
69 99 100
70 1 100
70 2 100
70 3 100
70 5 100
70 6 100
70 7 100
70 8 100
70 9 100
70 10 100
70 12 100
70 13 100
70 14 100
70 17 100
70 18 100
70 19 100
70 20 100
70 21 100
70 22 100
70 25 100
70 26 100
70 27 100
70 29 100
70 30 100
70 33 100
70 34 100
70 35 100
70 38 100
70 39 100
70 42 100
70 43 100
70 44 100
70 45 100
70 46 100
70 47 100
70 50 100
70 52 100
70 53 100
70 54 100
70 56 100
70 59 100
70 61 100
70 62 100
70 63 100
70 66 100
70 67 100
70 72 100
70 73 100
70 74 100
70 75 100
70 76 100
70 79 100
70 83 100
70 85 100
70 88 100
70 92 100
70 93 100
70 95 100
70 96 100
70 98 100
71 1 100
71 5 100
71 7 100
71 10 100
71 14 100
71 15 100
71 16 100
71 17 100
71 18 100
71 19 100
71 23 100
71 24 100
71 25 100
71 26 100
71 27 100
71 28 100
71 29 100
71 32 100
71 34 100
71 35 100
71 37 100
71 38 100
71 41 100
71 42 100
71 43 100
71 45 100
71 46 100
71 47 100
71 48 100
71 49 100
71 50 100
71 52 100
71 54 100
71 55 100
71 56 100
71 57 100
71 61 100
71 62 100
71 64 100
71 68 100
71 69 100
71 72 100
71 73 100
71 75 100
71 76 100
71 77 100
71 79 100
71 83 100
71 85 100
71 86 100
71 89 100
71 91 100
71 93 100
71 94 100
71 97 100
71 98 100
71 99 100
72 3 100
72 5 100
72 7 100
72 9 100
72 10 100
72 13 100
72 17 100
72 18 100
72 19 100
72 20 100
72 21 100
72 22 100
72 23 100
72 25 100
72 27 100
72 31 100
72 32 100
72 33 100
72 34 100
72 35 100
72 36 100
72 39 100
72 41 100
72 43 100
72 46 100
72 47 100
72 48 100
72 49 100
72 50 100
72 52 100
72 53 100
72 59 100
72 63 100
72 64 100
72 65 100
72 66 100
72 67 100
72 68 100
72 69 100
72 70 100
72 71 100
72 73 100
72 74 100
72 75 100
72 76 100
72 77 100
72 79 100
72 80 100
72 82 100
72 83 100
72 84 100
72 86 100
72 87 100
72 88 100
72 89 100
72 91 100
72 92 100
72 95 100
72 96 100
72 97 100
72 98 100
72 99 100
73 1 100
73 5 100
73 6 100
73 7 100
73 8 100
73 10 100
73 12 100
73 13 100
73 16 100
73 17 100
73 21 100
73 22 100
73 23 100
73 24 100
73 26 100
73 29 100
73 30 100
73 31 100
73 32 100
73 34 100
73 36 100
73 37 100
73 38 100
73 39 100
73 40 100
73 42 100
73 45 100
73 47 100
73 49 100
73 50 100
73 51 100
73 53 100
73 54 100
73 56 100
73 57 100
73 59 100
73 60 100
73 62 100
73 63 100
73 64 100
73 65 100
73 67 100
73 69 100
73 70 100
73 71 100
73 72 100
73 77 100
73 79 100
73 80 100
73 84 100
73 88 100
73 89 100
73 90 100
73 93 100
73 98 100
73 99 100
74 2 100
74 4 100
74 5 100
74 7 100
74 8 100
74 9 100
74 10 100
74 11 100
74 13 100
74 14 100
74 15 100
74 16 100
74 18 100
74 20 100
74 21 100
74 23 100
74 25 100
74 26 100
74 27 100
74 29 100
74 30 100
74 31 100
74 33 100
74 35 100
74 36 100
74 38 100
74 41 100
74 42 100
74 45 100
74 46 100
74 47 100
74 49 100
74 50 100
74 51 100
74 52 100
74 53 100
74 54 100
74 56 100
74 57 100
74 59 100
74 63 100
74 64 100
74 66 100
74 67 100
74 68 100
74 70 100
74 72 100
74 75 100
74 76 100
74 77 100
74 78 100
74 80 100
74 82 100
74 83 100
74 86 100
74 87 100
74 90 100
74 91 100
74 92 100
74 93 100
74 95 100
74 96 100
74 99 100
75 2 100
75 5 100
75 9 100
75 10 100
75 12 100
75 13 100
75 14 100
75 16 100
75 17 100
75 19 100
75 20 100
75 21 100
75 22 100
75 23 100
75 25 100
75 27 100
75 28 100
75 29 100
75 31 100
75 35 100
75 37 100
75 38 100
75 40 100
75 41 100
75 42 100
75 44 100
75 45 100
75 46 100
75 47 100
75 49 100
75 50 100
75 52 100
75 53 100
75 54 100
75 55 100
75 56 100
75 57 100
75 58 100
75 59 100
75 60 100
75 62 100
75 63 100
75 64 100
75 66 100
75 67 100
75 69 100
75 70 100
75 71 100
75 72 100
75 74 100
75 78 100
75 80 100
75 81 100
75 84 100
75 85 100
75 87 100
75 88 100
75 89 100
75 91 100
75 92 100
75 96 100
75 97 100
75 98 100
76 1 100
76 3 100
76 4 100
76 6 100
76 8 100
76 9 100
76 11 100
76 13 100
76 14 100
76 16 100
76 18 100
76 19 100
76 20 100
76 21 100
76 22 100
76 23 100
76 24 100
76 27 100
76 29 100
76 30 100
76 32 100
76 34 100
76 35 100
76 38 100
76 39 100
76 40 100
76 41 100
76 42 100
76 43 100
76 44 100
76 46 100
76 48 100
76 49 100
76 50 100
76 51 100
76 52 100
76 53 100
76 56 100
76 57 100
76 58 100
76 60 100
76 61 100
76 62 100
76 63 100
76 65 100
76 67 100
76 68 100
76 70 100
76 71 100
76 72 100
76 74 100
76 77 100
76 78 100
76 79 100
76 80 100
76 81 100
76 82 100
76 83 100
76 84 100
76 85 100
76 86 100
76 88 100
76 89 100
76 92 100
76 93 100
76 94 100
76 96 100
76 97 100
77 1 100
77 2 100
77 3 100
77 8 100
77 9 100
77 10 100
77 11 100
77 12 100
77 13 100
77 14 100
77 15 100
77 16 100
77 18 100
77 20 100
77 21 100
77 23 100
77 24 100
77 26 100
77 27 100
77 29 100
77 32 100
77 33 100
77 34 100
77 36 100
77 37 100
77 46 100
77 49 100
77 52 100
77 53 100
77 54 100
77 56 100
77 57 100
77 58 100
77 59 100
77 61 100
77 62 100
77 63 100
77 65 100
77 66 100
77 67 100
77 68 100
77 69 100
77 71 100
77 72 100
77 73 100
77 74 100
77 76 100
77 78 100
77 79 100
77 82 100
77 85 100
77 86 100
77 87 100
77 90 100
77 91 100
77 92 100
77 94 100
77 96 100
78 1 100
78 2 100
78 3 100
78 5 100
78 6 100
78 7 100
78 9 100
78 11 100
78 12 100
78 14 100
78 16 100
78 17 100
78 19 100
78 20 100
78 22 100
78 25 100
78 27 100
78 28 100
78 29 100
78 30 100
78 31 100
78 32 100
78 33 100
78 35 100
78 36 100
78 37 100
78 40 100
78 42 100
78 43 100
78 44 100
78 45 100
78 47 100
78 48 100
78 49 100
78 50 100
78 52 100
78 54 100
78 55 100
78 58 100
78 62 100
78 64 100
78 65 100
78 67 100
78 68 100
78 69 100
78 74 100
78 75 100
78 76 100
78 77 100
78 80 100
78 84 100
78 86 100
78 88 100
78 90 100
78 91 100
78 92 100
78 94 100
78 95 100
78 96 100
78 98 100
79 1 100
79 3 100
79 4 100
79 5 100
79 6 100
79 8 100
79 9 100
79 10 100
79 11 100
79 12 100
79 14 100
79 15 100
79 16 100
79 17 100
79 19 100
79 20 100
79 21 100
79 22 100
79 23 100
79 24 100
79 26 100
79 27 100
79 29 100
79 30 100
79 32 100
79 34 100
79 35 100
79 36 100
79 41 100
79 42 100
79 44 100
79 47 100
79 49 100
79 50 100
79 54 100
79 55 100
79 59 100
79 60 100
79 61 100
79 64 100
79 65 100
79 66 100
79 67 100
79 68 100
79 70 100
79 71 100
79 72 100
79 73 100
79 76 100
79 77 100
79 81 100
79 82 100
79 83 100
79 85 100
79 89 100
79 92 100
79 93 100
79 97 100
79 98 100
79 99 100
80 1 100
80 2 100
80 4 100
80 8 100
80 9 100
80 12 100
80 13 100
80 14 100
80 19 100
80 25 100
80 27 100
80 28 100
80 29 100
80 31 100
80 33 100
80 35 100
80 36 100
80 38 100
80 39 100
80 40 100
80 42 100
80 43 100
80 45 100
80 47 100
80 48 100
80 49 100
80 50 100
80 51 100
80 53 100
80 55 100
80 56 100
80 57 100
80 58 100
80 64 100
80 65 100
80 66 100
80 69 100
80 72 100
80 73 100
80 74 100
80 75 100
80 76 100
80 78 100
80 81 100
80 82 100
80 84 100
80 85 100
80 86 100
80 88 100
80 89 100
80 91 100
80 93 100
80 94 100
80 95 100
80 96 100
80 97 100
81 1 100
81 3 100
81 9 100
81 10 100
81 11 100
81 12 100
81 13 100
81 17 100
81 18 100
81 20 100
81 22 100
81 23 100
81 26 100
81 27 100
81 32 100
81 33 100
81 35 100
81 37 100
81 38 100
81 39 100
81 40 100
81 42 100
81 43 100
81 44 100
81 45 100
81 47 100
81 48 100
81 49 100
81 50 100
81 51 100
81 52 100
81 53 100
81 55 100
81 56 100
81 57 100
81 58 100
81 60 100
81 61 100
81 62 100
81 63 100
81 64 100
81 65 100
81 66 100
81 68 100
81 75 100
81 76 100
81 79 100
81 80 100
81 82 100
81 83 100
81 85 100
81 86 100
81 92 100
81 95 100
81 96 100
81 99 100
82 2 100
82 3 100
82 4 100
82 5 100
82 6 100
82 7 100
82 8 100
82 10 100
82 11 100
82 12 100
82 13 100
82 14 100
82 15 100
82 17 100
82 18 100
82 19 100
82 21 100
82 27 100
82 28 100
82 31 100
82 33 100
82 34 100
82 35 100
82 38 100
82 39 100
82 40 100
82 42 100
82 43 100
82 44 100
82 45 100
82 49 100
82 52 100
82 53 100
82 54 100
82 55 100
82 56 100
82 58 100
82 62 100
82 63 100
82 64 100
82 65 100
82 66 100
82 72 100
82 74 100
82 76 100
82 77 100
82 79 100
82 80 100
82 81 100
82 86 100
82 91 100
82 94 100
82 95 100
82 96 100
82 97 100
82 99 100
83 1 100
83 5 100
83 7 100
83 8 100
83 9 100
83 11 100
83 13 100
83 14 100
83 15 100
83 16 100
83 19 100
83 21 100
83 23 100
83 26 100
83 27 100
83 28 100
83 29 100
83 30 100
83 31 100
83 32 100
83 33 100
83 34 100
83 35 100
83 37 100
83 39 100
83 41 100
83 42 100
83 43 100
83 44 100
83 45 100
83 46 100
83 48 100
83 49 100
83 51 100
83 52 100
83 53 100
83 54 100
83 56 100
83 57 100
83 58 100
83 63 100
83 69 100
83 70 100
83 71 100
83 72 100
83 74 100
83 76 100
83 79 100
83 81 100
83 84 100
83 85 100
83 86 100
83 87 100
83 88 100
83 92 100
83 96 100
83 97 100
83 98 100
84 5 100
84 6 100
84 7 100
84 8 100
84 9 100
84 10 100
84 11 100
84 12 100
84 16 100
84 19 100
84 20 100
84 21 100
84 22 100
84 24 100
84 28 100
84 29 100
84 30 100
84 31 100
84 35 100
84 36 100
84 37 100
84 38 100
84 41 100
84 42 100
84 43 100
84 45 100
84 46 100
84 47 100
84 49 100
84 50 100
84 51 100
84 52 100
84 53 100
84 55 100
84 56 100
84 57 100
84 58 100
84 59 100
84 64 100
84 65 100
84 67 100
84 68 100
84 69 100
84 72 100
84 73 100
84 75 100
84 76 100
84 78 100
84 80 100
84 83 100
84 85 100
84 86 100
84 87 100
84 89 100
84 91 100
84 93 100
84 95 100
84 97 100
84 99 100
85 1 100
85 2 100
85 3 100
85 5 100
85 6 100
85 9 100
85 12 100
85 13 100
85 14 100
85 17 100
85 19 100
85 20 100
85 21 100
85 22 100
85 23 100
85 24 100
85 25 100
85 28 100
85 29 100
85 31 100
85 33 100
85 34 100
85 36 100
85 37 100
85 38 100
85 39 100
85 40 100
85 41 100
85 42 100
85 44 100
85 45 100
85 46 100
85 49 100
85 51 100
85 52 100
85 54 100
85 55 100
85 56 100
85 58 100
85 59 100
85 62 100
85 64 100
85 65 100
85 66 100
85 68 100
85 69 100
85 70 100
85 71 100
85 75 100
85 76 100
85 77 100
85 79 100
85 80 100
85 81 100
85 83 100
85 84 100
85 86 100
85 91 100
85 92 100
85 93 100
85 98 100
85 99 100
86 1 100
86 2 100
86 3 100
86 4 100
86 5 100
86 6 100
86 7 100
86 8 100
86 9 100
86 10 100
86 11 100
86 15 100
86 16 100
86 17 100
86 18 100
86 19 100
86 21 100
86 23 100
86 25 100
86 29 100
86 30 100
86 31 100
86 34 100
86 37 100
86 39 100
86 42 100
86 43 100
86 44 100
86 45 100
86 47 100
86 50 100
86 51 100
86 52 100
86 53 100
86 55 100
86 56 100
86 57 100
86 58 100
86 63 100
86 67 100
86 68 100
86 69 100
86 71 100
86 72 100
86 74 100
86 76 100
86 77 100
86 78 100
86 80 100
86 81 100
86 82 100
86 83 100
86 84 100
86 85 100
86 87 100
86 88 100
86 89 100
86 90 100
86 92 100
86 93 100
86 95 100
86 98 100
87 1 100
87 2 100
87 3 100
87 5 100
87 6 100
87 7 100
87 10 100
87 11 100
87 12 100
87 14 100
87 15 100
87 16 100
87 17 100
87 19 100
87 21 100
87 23 100
87 26 100
87 27 100
87 28 100
87 31 100
87 32 100
87 33 100
87 36 100
87 37 100
87 38 100
87 39 100
87 40 100
87 41 100
87 42 100
87 43 100
87 46 100
87 47 100
87 48 100
87 50 100
87 51 100
87 52 100
87 53 100
87 54 100
87 56 100
87 57 100
87 58 100
87 61 100
87 63 100
87 66 100
87 72 100
87 74 100
87 75 100
87 77 100
87 83 100
87 84 100
87 86 100
87 89 100
87 90 100
87 91 100
87 92 100
87 93 100
87 96 100
87 97 100
87 98 100
88 1 100
88 2 100
88 3 100
88 5 100
88 7 100
88 8 100
88 9 100
88 10 100
88 11 100
88 14 100
88 15 100
88 16 100
88 17 100
88 21 100
88 22 100
88 24 100
88 27 100
88 28 100
88 29 100
88 31 100
88 32 100
88 33 100
88 35 100
88 36 100
88 37 100
88 38 100
88 39 100
88 40 100
88 43 100
88 44 100
88 50 100
88 53 100
88 54 100
88 55 100
88 57 100
88 59 100
88 61 100
88 62 100
88 63 100
88 65 100
88 67 100
88 70 100
88 72 100
88 73 100
88 75 100
88 76 100
88 78 100
88 80 100
88 83 100
88 86 100
88 89 100
88 90 100
88 91 100
88 92 100
88 98 100
88 99 100
89 1 100
89 2 100
89 3 100
89 6 100
89 7 100
89 8 100
89 9 100
89 10 100
89 11 100
89 12 100
89 14 100
89 15 100
89 17 100
89 18 100
89 20 100
89 21 100
89 22 100
89 25 100
89 33 100
89 40 100
89 41 100
89 42 100
89 43 100
89 44 100
89 45 100
89 46 100
89 47 100
89 48 100
89 50 100
89 51 100
89 53 100
89 55 100
89 58 100
89 61 100
89 62 100
89 64 100
89 65 100
89 67 100
89 68 100
89 71 100
89 72 100
89 73 100
89 75 100
89 76 100
89 79 100
89 80 100
89 84 100
89 86 100
89 87 100
89 88 100
89 92 100
89 94 100
89 97 100
89 98 100
89 99 100
90 1 100
90 2 100
90 6 100
90 8 100
90 9 100
90 11 100
90 12 100
90 14 100
90 18 100
90 19 100
90 20 100
90 21 100
90 22 100
90 23 100
90 24 100
90 25 100
90 26 100
90 27 100
90 29 100
90 33 100
90 35 100
90 37 100
90 38 100
90 40 100
90 45 100
90 46 100
90 47 100
90 48 100
90 50 100
90 51 100
90 54 100
90 55 100
90 57 100
90 58 100
90 59 100
90 60 100
90 62 100
90 64 100
90 66 100
90 68 100
90 73 100
90 74 100
90 77 100
90 78 100
90 86 100
90 87 100
90 88 100
90 92 100
90 93 100
90 94 100
90 95 100
90 96 100
90 97 100
90 98 100
90 99 100
91 3 100
91 4 100
91 6 100
91 8 100
91 10 100
91 12 100
91 14 100
91 15 100
91 17 100
91 18 100
91 21 100
91 23 100
91 24 100
91 25 100
91 26 100
91 27 100
91 31 100
91 32 100
91 34 100
91 35 100
91 38 100
91 39 100
91 41 100
91 42 100
91 43 100
91 46 100
91 47 100
91 48 100
91 49 100
91 50 100
91 52 100
91 53 100
91 58 100
91 59 100
91 60 100
91 61 100
91 62 100
91 65 100
91 67 100
91 68 100
91 69 100
91 71 100
91 72 100
91 74 100
91 75 100
91 77 100
91 78 100
91 80 100
91 82 100
91 84 100
91 85 100
91 87 100
91 88 100
91 92 100
91 93 100
91 94 100
91 95 100
91 96 100
91 97 100
91 98 100
91 99 100
92 1 100
92 3 100
92 4 100
92 5 100
92 6 100
92 9 100
92 10 100
92 11 100
92 12 100
92 14 100
92 16 100
92 17 100
92 18 100
92 20 100
92 23 100
92 26 100
92 27 100
92 30 100
92 31 100
92 35 100
92 39 100
92 40 100
92 41 100
92 42 100
92 43 100
92 45 100
92 46 100
92 47 100
92 48 100
92 49 100
92 50 100
92 51 100
92 54 100
92 56 100
92 57 100
92 59 100
92 63 100
92 64 100
92 65 100
92 66 100
92 68 100
92 69 100
92 70 100
92 72 100
92 74 100
92 75 100
92 76 100
92 77 100
92 78 100
92 79 100
92 81 100
92 83 100
92 85 100
92 86 100
92 87 100
92 88 100
92 89 100
92 90 100
92 91 100
92 96 100
92 97 100
92 98 100
92 99 100
93 1 100
93 2 100
93 3 100
93 5 100
93 6 100
93 8 100
93 9 100
93 10 100
93 15 100
93 17 100
93 22 100
93 23 100
93 26 100
93 27 100
93 28 100
93 30 100
93 31 100
93 32 100
93 33 100
93 36 100
93 37 100
93 39 100
93 40 100
93 41 100
93 42 100
93 43 100
93 44 100
93 45 100
93 49 100
93 52 100
93 53 100
93 54 100
93 57 100
93 60 100
93 63 100
93 66 100
93 67 100
93 68 100
93 69 100
93 70 100
93 71 100
93 73 100
93 74 100
93 76 100
93 79 100
93 80 100
93 84 100
93 85 100
93 86 100
93 87 100
93 90 100
93 91 100
93 94 100
93 96 100
93 97 100
93 99 100
94 2 100
94 3 100
94 6 100
94 7 100
94 8 100
94 10 100
94 11 100
94 12 100
94 13 100
94 15 100
94 16 100
94 17 100
94 20 100
94 23 100
94 24 100
94 27 100
94 29 100
94 30 100
94 33 100
94 34 100
94 37 100
94 38 100
94 42 100
94 45 100
94 46 100
94 47 100
94 50 100
94 51 100
94 52 100
94 53 100
94 54 100
94 55 100
94 58 100
94 59 100
94 61 100
94 63 100
94 64 100
94 69 100
94 71 100
94 76 100
94 77 100
94 78 100
94 80 100
94 82 100
94 89 100
94 90 100
94 91 100
94 93 100
94 95 100
94 96 100
94 97 100
94 98 100
95 1 100
95 7 100
95 8 100
95 9 100
95 10 100
95 13 100
95 14 100
95 16 100
95 17 100
95 18 100
95 19 100
95 20 100
95 21 100
95 22 100
95 23 100
95 28 100
95 30 100
95 31 100
95 33 100
95 34 100
95 35 100
95 36 100
95 38 100
95 39 100
95 40 100
95 42 100
95 43 100
95 47 100
95 48 100
95 51 100
95 52 100
95 53 100
95 54 100
95 55 100
95 57 100
95 58 100
95 60 100
95 62 100
95 63 100
95 64 100
95 66 100
95 69 100
95 70 100
95 72 100
95 74 100
95 78 100
95 80 100
95 81 100
95 82 100
95 84 100
95 86 100
95 90 100
95 91 100
95 94 100
95 96 100
95 99 100
96 3 100
96 4 100
96 5 100
96 7 100
96 8 100
96 9 100
96 10 100
96 11 100
96 12 100
96 14 100
96 15 100
96 18 100
96 20 100
96 22 100
96 23 100
96 24 100
96 26 100
96 28 100
96 29 100
96 30 100
96 31 100
96 32 100
96 33 100
96 34 100
96 35 100
96 36 100
96 41 100
96 42 100
96 43 100
96 45 100
96 46 100
96 48 100
96 49 100
96 50 100
96 51 100
96 55 100
96 56 100
96 58 100
96 60 100
96 61 100
96 63 100
96 67 100
96 69 100
96 70 100
96 72 100
96 74 100
96 75 100
96 76 100
96 77 100
96 78 100
96 80 100
96 81 100
96 82 100
96 83 100
96 87 100
96 90 100
96 91 100
96 92 100
96 93 100
96 94 100
96 95 100
96 97 100
97 3 100
97 5 100
97 6 100
97 7 100
97 8 100
97 9 100
97 10 100
97 12 100
97 13 100
97 19 100
97 20 100
97 21 100
97 25 100
97 27 100
97 29 100
97 30 100
97 32 100
97 33 100
97 34 100
97 35 100
97 36 100
97 38 100
97 41 100
97 42 100
97 43 100
97 46 100
97 47 100
97 48 100
97 51 100
97 52 100
97 53 100
97 56 100
97 57 100
97 58 100
97 59 100
97 60 100
97 61 100
97 63 100
97 66 100
97 67 100
97 68 100
97 71 100
97 72 100
97 75 100
97 76 100
97 79 100
97 80 100
97 82 100
97 83 100
97 84 100
97 87 100
97 89 100
97 90 100
97 91 100
97 92 100
97 93 100
97 94 100
97 96 100
97 98 100
97 99 100
98 1 100
98 2 100
98 3 100
98 4 100
98 5 100
98 6 100
98 7 100
98 9 100
98 10 100
98 11 100
98 13 100
98 14 100
98 16 100
98 17 100
98 19 100
98 20 100
98 22 100
98 23 100
98 25 100
98 26 100
98 28 100
98 29 100
98 30 100
98 31 100
98 33 100
98 34 100
98 35 100
98 36 100
98 38 100
98 40 100
98 41 100
98 43 100
98 44 100
98 49 100
98 50 100
98 51 100
98 54 100
98 55 100
98 56 100
98 57 100
98 60 100
98 61 100
98 63 100
98 68 100
98 70 100
98 71 100
98 72 100
98 73 100
98 75 100
98 78 100
98 79 100
98 83 100
98 85 100
98 86 100
98 87 100
98 88 100
98 89 100
98 90 100
98 91 100
98 92 100
98 94 100
98 97 100
98 99 100
1 t 100
2 t 100
3 t 100
5 t 100
7 t 100
10 t 100
13 t 100
15 t 100
16 t 100
19 t 100
20 t 100
23 t 100
25 t 100
26 t 100
27 t 100
29 t 100
33 t 100
34 t 100
35 t 100
37 t 100
39 t 100
41 t 100
44 t 100
46 t 100
47 t 100
49 t 100
53 t 100
54 t 100
55 t 100
56 t 100
57 t 100
58 t 100
59 t 100
60 t 100
62 t 100
63 t 100
64 t 100
66 t 100
69 t 100
71 t 100
72 t 100
73 t 100
74 t 100
79 t 100
81 t 100
82 t 100
84 t 100
85 t 100
88 t 100
89 t 100
90 t 100
91 t 100
92 t 100
93 t 100
95 t 100
97 t 100
98 t 100
